C_LBDR_property_1,722,0,3602,0,722,3602,4324,0,4324
C_LBDR_property_2,722,0,2642,960,722,3602,3364,960,4324
C_LBDR_property_3,722,0,3362,240,722,3602,4084,240,4324
C_LBDR_property_4,722,0,2642,960,722,3602,3364,960,4324
C_LBDR_property_5,722,0,3362,240,722,3602,4084,240,4324
C_LBDR_property_6,0,0,960,3364,0,4324,960,3364,4324
C_LBDR_property_7,0,0,960,3364,0,4324,960,3364,4324
C_LBDR_property_8,0,0,240,4084,0,4324,240,4084,4324
C_LBDR_property_9,0,0,0,4324,0,4324,0,4324,4324
C_LBDR_property_10,0,0,240,4084,0,4324,240,4084,4324
C_LBDR_property_11,0,722,0,3602,722,3602,0,4324,4324
C_LBDR_property_12,722,0,3602,0,722,3602,4324,0,4324
C_LBDR_property_13,722,0,3602,0,722,3602,4324,0,4324
C_LBDR_property_14,575,147,2873,729,722,3602,3448,876,4324
C_LBDR_property_15,722,0,3602,0,722,3602,4324,0,4324
C_LBDR_property_16,4323,0,1,0,4323,1,4324,0,4324
C_LBDR_property_17,722,0,3602,0,722,3602,4324,0,4324
C_LBDR_property_18,722,0,3602,0,722,3602,4324,0,4324
C_LBDR_property_19,722,0,3602,0,722,3602,4324,0,4324
C_LBDR_property_20,722,0,3602,0,722,3602,4324,0,4324
C_LBDR_property_21,722,0,3602,0,722,3602,4324,0,4324
C_LBDR_property_22,722,0,3602,0,722,3602,4324,0,4324
C_LBDR_property_23,722,0,2641,960,722,3601,3363,960,4323
C_LBDR_property_24,722,0,3361,240,722,3601,4083,240,4323
C_LBDR_property_25,722,0,2641,960,722,3601,3363,960,4323
C_LBDR_property_26,722,0,3361,240,722,3601,4083,240,4323
C_LBDR_property_27,721,0,3602,0,721,3602,4323,0,4323
C_LBDR_property_28,721,0,2642,960,721,3602,3363,960,4323
C_LBDR_property_29,721,0,3362,240,721,3602,4083,240,4323
C_LBDR_property_30,721,0,2642,960,721,3602,3363,960,4323
C_LBDR_property_31,721,0,3362,240,721,3602,4083,240,4323
C_LBDR_property_32,1920,0,2404,0,1920,2404,4324,0,4324
C_LBDR_property_33,0,0,4324,0,0,4324,4324,0,4324
C_LBDR_property_34,0,0,3364,960,0,4324,3364,960,4324
C_LBDR_property_35,0,0,4084,240,0,4324,4084,240,4324
C_LBDR_property_36,0,0,3364,960,0,4324,3364,960,4324
C_LBDR_property_37,0,0,4084,240,0,4324,4084,240,4324
C_LBDR_property_38,1920,0,2404,0,1920,2404,4324,0,4324
C_LBDR_property_39,1920,0,2404,0,1920,2404,4324,0,4324
C_LBDR_property_40,1920,0,2404,0,1920,2404,4324,0,4324
C_LBDR_property_41,1920,0,2404,0,1920,2404,4324,0,4324
C_LBDR_property_42,1920,0,2404,0,1920,2404,4324,0,4324
C_LBDR_property_43,0,0,0,4324,0,4324,0,4324,4324
C_LBDR_property_44,0,0,0,4324,0,4324,0,4324,4324
C_LBDR_property_45,0,0,0,4324,0,4324,0,4324,4324
C_LBDR_property_46,0,0,0,4324,0,4324,0,4324,4324
C_LBDR_property_47,0,0,0,4324,0,4324,0,4324,4324
C_LBDR_property_48,0,0,0,4324,0,4324,0,4324,4324
C_LBDR_property_49,0,0,960,3364,0,4324,960,3364,4324
C_LBDR_property_50,0,0,960,3364,0,4324,960,3364,4324
C_LBDR_property_51,0,0,960,3364,0,4324,960,3364,4324
C_LBDR_property_52,0,0,960,3364,0,4324,960,3364,4324
C_LBDR_property_53,0,0,960,3364,0,4324,960,3364,4324
C_LBDR_property_54,0,0,960,3364,0,4324,960,3364,4324
C_LBDR_property_55,0,0,0,4324,0,4324,0,4324,4324
C_LBDR_property_56,0,0,240,4084,0,4324,240,4084,4324
C_LBDR_property_57,0,0,240,4084,0,4324,240,4084,4324
C_LBDR_property_58,0,0,240,4084,0,4324,240,4084,4324
C_LBDR_property_59,0,0,240,4084,0,4324,240,4084,4324
C_LBDR_property_60,0,0,240,4084,0,4324,240,4084,4324
C_LBDR_property_61,0,0,240,4084,0,4324,240,4084,4324
C_LBDR_property_62,0,0,240,4084,0,4324,240,4084,4324
C_LBDR_property_63,0,0,960,3364,0,4324,960,3364,4324
C_LBDR_property_64,0,0,960,3364,0,4324,960,3364,4324
C_LBDR_property_65,0,0,960,3364,0,4324,960,3364,4324
C_LBDR_property_66,0,0,960,3364,0,4324,960,3364,4324
C_LBDR_property_67,0,0,960,3364,0,4324,960,3364,4324
C_LBDR_property_68,0,0,960,3364,0,4324,960,3364,4324
C_LBDR_property_69,0,0,960,3364,0,4324,960,3364,4324
C_LBDR_property_70,0,0,960,3364,0,4324,960,3364,4324
C_LBDR_property_71,0,0,240,4084,0,4324,240,4084,4324
C_LBDR_property_72,0,0,240,4084,0,4324,240,4084,4324
C_LBDR_property_73,0,0,240,4084,0,4324,240,4084,4324
C_LBDR_property_74,0,0,240,4084,0,4324,240,4084,4324
C_LBDR_property_75,0,0,240,4084,0,4324,240,4084,4324
C_LBDR_property_76,0,0,240,4084,0,4324,240,4084,4324
C_LBDR_property_77,0,722,0,3602,722,3602,0,4324,4324
C_LBDR_property_78,722,0,3602,0,722,3602,4324,0,4324
C_LBDR_property_79,722,0,3602,0,722,3602,4324,0,4324
C_LBDR_property_80,575,147,2873,729,722,3602,3448,876,4324
C_LBDR_property_81,722,0,3602,0,722,3602,4324,0,4324
C_LBDR_property_82,0,722,0,3602,722,3602,0,4324,4324
C_LBDR_property_83,0,722,0,3602,722,3602,0,4324,4324
C_LBDR_property_84,0,722,0,3602,722,3602,0,4324,4324
C_LBDR_property_85,0,722,0,3602,722,3602,0,4324,4324
C_LBDR_property_86,0,722,0,3602,722,3602,0,4324,4324
C_LBDR_property_87,0,0,960,3364,0,4324,960,3364,4324
C_LBDR_property_88,0,0,0,4324,0,4324,0,4324,4324
C_LBDR_property_89,0,0,960,3364,0,4324,960,3364,4324
C_LBDR_property_90,0,0,240,4084,0,4324,240,4084,4324
C_LBDR_property_91,0,722,0,3602,722,3602,0,4324,4324
C_LBDR_property_92,722,0,3602,0,722,3602,4324,0,4324
C_LBDR_property_93,722,0,3602,0,722,3602,4324,0,4324
C_LBDR_property_94,575,147,2873,729,722,3602,3448,876,4324
C_LBDR_property_95,722,0,3602,0,722,3602,4324,0,4324
C_LBDR_property_96,0,0,240,4084,0,4324,240,4084,4324
C_LBDR_property_97,0,0,240,4084,0,4324,240,4084,4324
C_LBDR_property_98,0,0,240,4084,0,4324,240,4084,4324
C_LBDR_property_99,0,0,0,4324,0,4324,0,4324,4324
C_LBDR_property_100,10,5,230,4079,15,4309,240,4084,4324
C_LBDR_property_101,0,15,0,4309,15,4309,0,4324,4324
C_LBDR_property_102,0,0,240,4084,0,4324,240,4084,4324
C_LBDR_property_103,0,15,240,4069,15,4309,240,4084,4324
C_LBDR_property_104,0,0,960,3364,0,4324,960,3364,4324
C_LBDR_property_105,0,15,960,3349,15,4309,960,3364,4324
C_LBDR_property_106,0,0,960,3364,0,4324,960,3364,4324
C_LBDR_property_107,0,15,960,3349,15,4309,960,3364,4324
C_LBDR_property_108,0,722,0,3602,722,3602,0,4324,4324
C_LBDR_property_109,722,0,3602,0,722,3602,4324,0,4324
C_LBDR_property_110,722,0,3602,0,722,3602,4324,0,4324
C_LBDR_property_111,33,689,173,3429,722,3602,206,4118,4324
C_LBDR_property_112,722,0,3602,0,722,3602,4324,0,4324
C_LBDR_property_113,0,721,0,3602,721,3602,0,4323,4323
C_LBDR_property_114,721,0,3602,0,721,3602,4323,0,4323
C_LBDR_property_115,721,0,3602,0,721,3602,4323,0,4323
C_LBDR_property_116,574,147,2873,729,721,3602,3447,876,4323
C_LBDR_property_117,721,0,3602,0,721,3602,4323,0,4323
C_LBDR_property_118,0,4323,0,1,4323,1,0,4324,4324
C_LBDR_property_119,4323,0,1,0,4323,1,4324,0,4324
C_LBDR_property_120,4323,0,1,0,4323,1,4324,0,4324
C_LBDR_property_121,3447,876,1,0,4323,1,3448,876,4324
C_LBDR_property_122,4323,0,1,0,4323,1,4324,0,4324
C_LBDR_property_123,0,0,0,4324,0,4324,0,4324,4324
C_LBDR_property_124,0,0,0,4324,0,4324,0,4324,4324
C_LBDR_property_125,0,0,0,4324,0,4324,0,4324,4324
C_LBDR_property_126,0,0,0,4324,0,4324,0,4324,4324
C_LBDR_property_127,0,0,0,4324,0,4324,0,4324,4324
C_LBDR_property_128,0,0,0,4324,0,4324,0,4324,4324
C_LBDR_property_129,0,0,4324,0,0,4324,4324,0,4324
C_LBDR_property_130,0,0,4324,0,0,4324,4324,0,4324
C_LBDR_property_131,0,0,3448,876,0,4324,3448,876,4324
C_LBDR_property_132,0,0,4324,0,0,4324,4324,0,4324
C_LBDR_property_133,0,0,0,4324,0,4324,0,4324,4324
C_LBDR_property_134,0,0,960,3363,0,4323,960,3363,4323
C_LBDR_property_135,0,0,240,4083,0,4323,240,4083,4323
C_LBDR_property_136,0,0,960,3363,0,4323,960,3363,4323
C_LBDR_property_137,0,0,240,4083,0,4323,240,4083,4323
C_LBDR_property_138,1920,0,2403,0,1920,2403,4323,0,4323
C_LBDR_property_139,1920,0,2403,0,1920,2403,4323,0,4323
C_LBDR_property_140,1920,0,2403,0,1920,2403,4323,0,4323
C_LBDR_property_141,1920,0,2403,0,1920,2403,4323,0,4323
C_LBDR_property_142,1920,0,2403,0,1920,2403,4323,0,4323
C_LBDR_property_143,721,0,3602,0,721,3602,4323,0,4323
C_LBDR_property_144,721,0,3602,0,721,3602,4323,0,4323
C_LBDR_property_145,721,0,3602,0,721,3602,4323,0,4323
C_LBDR_property_146,721,0,3602,0,721,3602,4323,0,4323
C_LBDR_property_147,721,0,3602,0,721,3602,4323,0,4323
C_LBDR_property_148,1200,0,3124,0,1200,3124,4324,0,4324
C_LBDR_property_149,1200,0,3124,0,1200,3124,4324,0,4324
C_LBDR_property_150,1200,0,3124,0,1200,3124,4324,0,4324
C_LBDR_property_151,1200,0,3124,0,1200,3124,4324,0,4324
C_LBDR_property_152,1200,0,3124,0,1200,3124,4324,0,4324
C_LBDR_property_153,2160,0,2164,0,2160,2164,4324,0,4324
C_LBDR_property_154,3240,0,1084,0,3240,1084,4324,0,4324
C_LBDR_property_155,3240,0,1084,0,3240,1084,4324,0,4324
C_LBDR_property_156,3240,0,1084,0,3240,1084,4324,0,4324
C_LBDR_property_157,3240,0,1084,0,3240,1084,4324,0,4324
C_LBDR_property_158,3240,0,1084,0,3240,1084,4324,0,4324
C_LBDR_property_159,1920,0,2404,0,1920,2404,4324,0,4324
C_LBDR_property_160,1920,0,2404,0,1920,2404,4324,0,4324
C_LBDR_property_161,1920,0,2404,0,1920,2404,4324,0,4324
C_LBDR_property_162,1920,0,2404,0,1920,2404,4324,0,4324
C_LBDR_property_163,1920,0,2404,0,1920,2404,4324,0,4324
C_LBDR_property_164,1680,0,2644,0,1680,2644,4324,0,4324
C_LBDR_property_165,0,0,4324,0,0,4324,4324,0,4324
C_LBDR_property_166,722,0,3602,0,722,3602,4324,0,4324
C_LBDR_property_167,0,722,0,3602,722,3602,0,4324,4324
C_LBDR_property_168,0,722,0,3602,722,3602,0,4324,4324
C_LBDR_property_169,147,575,729,2873,722,3602,876,3448,4324
C_LBDR_property_170,0,722,0,3602,722,3602,0,4324,4324
C_LBDR_property_171,1680,0,2644,0,1680,2644,4324,0,4324
C_LBDR_property_172,1680,0,2644,0,1680,2644,4324,0,4324
C_LBDR_property_173,1680,0,2644,0,1680,2644,4324,0,4324
C_LBDR_property_174,359,0,3965,0,359,3965,4324,0,4324
C_LBDR_property_175,359,0,3005,960,359,3965,3364,960,4324
C_LBDR_property_176,359,0,3725,240,359,3965,4084,240,4324
C_LBDR_property_177,359,0,3005,960,359,3965,3364,960,4324
C_LBDR_property_178,359,0,3725,240,359,3965,4084,240,4324
C_LBDR_property_179,0,0,4324,0,0,4324,4324,0,4324
C_LBDR_property_180,0,0,4324,0,0,4324,4324,0,4324
C_LBDR_property_181,0,0,4324,0,0,4324,4324,0,4324
C_LBDR_property_182,0,0,4324,0,0,4324,4324,0,4324
C_LBDR_property_183,3240,0,1084,0,3240,1084,4324,0,4324
C_LBDR_property_184,2160,0,2164,0,2160,2164,4324,0,4324
C_LBDR_property_185,2160,0,2164,0,2160,2164,4324,0,4324
C_LBDR_property_186,2160,0,2164,0,2160,2164,4324,0,4324
C_LBDR_property_187,2160,0,2164,0,2160,2164,4324,0,4324
C_LBDR_property_188,722,0,3602,0,722,3602,4324,0,4324
C_LBDR_property_189,722,0,3602,0,722,3602,4324,0,4324
C_LBDR_property_190,0,722,0,3602,722,3602,0,4324,4324
C_LBDR_property_191,147,575,729,2873,722,3602,876,3448,4324
C_LBDR_property_192,0,722,0,3602,722,3602,0,4324,4324
C_LBDR_property_193,2160,0,2164,0,2160,2164,4324,0,4324
C_LBDR_property_194,3240,0,1084,0,3240,1084,4324,0,4324
C_LBDR_property_195,3240,0,1084,0,3240,1084,4324,0,4324
C_LBDR_property_196,3240,0,1084,0,3240,1084,4324,0,4324
C_LBDR_property_197,2160,0,2164,0,2160,2164,4324,0,4324
C_LBDR_property_198,2160,0,2164,0,2160,2164,4324,0,4324
C_LBDR_property_199,2160,0,2164,0,2160,2164,4324,0,4324
C_LBDR_property_200,2160,0,2164,0,2160,2164,4324,0,4324
C_LBDR_property_201,3240,0,1084,0,3240,1084,4324,0,4324
C_LBDR_property_202,3240,0,1084,0,3240,1084,4324,0,4324
C_LBDR_property_203,3240,0,1084,0,3240,1084,4324,0,4324
C_LBDR_property_204,3240,0,1084,0,3240,1084,4324,0,4324
C_LBDR_property_205,3240,0,1084,0,3240,1084,4324,0,4324
C_LBDR_property_206,3240,0,1084,0,3240,1084,4324,0,4324
C_LBDR_property_207,3240,0,1084,0,3240,1084,4324,0,4324
C_LBDR_property_208,3240,0,1084,0,3240,1084,4324,0,4324
C_LBDR_property_209,722,0,3602,0,722,3602,4324,0,4324
C_LBDR_property_210,0,722,0,3602,722,3602,0,4324,4324
C_LBDR_property_211,722,0,3602,0,722,3602,4324,0,4324
C_LBDR_property_212,147,575,729,2873,722,3602,876,3448,4324
C_LBDR_property_213,0,722,0,3602,722,3602,0,4324,4324
C_LBDR_property_214,722,0,3602,0,722,3602,4324,0,4324
C_LBDR_property_215,0,722,0,3602,722,3602,0,4324,4324
C_LBDR_property_216,0,722,0,3602,722,3602,0,4324,4324
C_LBDR_property_217,147,575,729,2873,722,3602,876,3448,4324
C_LBDR_property_218,722,0,3602,0,722,3602,4324,0,4324
C_LBDR_property_219,722,0,3602,0,722,3602,4324,0,4324
C_LBDR_property_220,0,722,0,3602,722,3602,0,4324,4324
C_LBDR_property_221,0,722,0,3602,722,3602,0,4324,4324
C_LBDR_property_222,722,0,3602,0,722,3602,4324,0,4324
C_LBDR_property_223,0,722,0,3602,722,3602,0,4324,4324
C_LBDR_property_224,2291,0,2033,0,2291,2033,4324,0,4324
C_LBDR_property_225,720,0,3604,0,720,3604,4324,0,4324
C_LBDR_property_226,2291,0,2033,0,2291,2033,4324,0,4324
C_LBDR_property_227,720,0,3604,0,720,3604,4324,0,4324
C_LBDR_property_228,720,0,3604,0,720,3604,4324,0,4324
C_LBDR_property_229,2291,0,2033,0,2291,2033,4324,0,4324
C_LBDR_property_230,720,0,3604,0,720,3604,4324,0,4324
C_LBDR_property_231,2291,0,2033,0,2291,2033,4324,0,4324
C_LBDR_property_232,0,0,4324,0,0,4324,4324,0,4324
C_LBDR_property_233,0,0,4324,0,0,4324,4324,0,4324
C_LBDR_property_234,0,0,4324,0,0,4324,4324,0,4324
C_LBDR_property_235,0,0,4324,0,0,4324,4324,0,4324
C_LBDR_property_236,722,0,3602,0,722,3602,4324,0,4324
C_LBDR_property_237,722,0,3602,0,722,3602,4324,0,4324
C_LBDR_property_238,722,0,3602,0,722,3602,4324,0,4324
C_LBDR_property_239,722,0,3602,0,722,3602,4324,0,4324
C_LBDR_property_240,722,0,3602,0,722,3602,4324,0,4324
C_LBDR_property_241,721,0,3602,0,721,3602,4323,0,4323
C_LBDR_property_242,721,0,2642,960,721,3602,3363,960,4323
C_LBDR_property_243,721,0,3362,240,721,3602,4083,240,4323
C_LBDR_property_244,721,0,2642,960,721,3602,3363,960,4323
C_LBDR_property_245,721,0,3362,240,721,3602,4083,240,4323
C_LBDR_property_246,2160,0,2164,0,2160,2164,4324,0,4324
C_LBDR_property_247,720,0,3604,0,720,3604,4324,0,4324
C_LBDR_property_248,2072,0,2252,0,2072,2252,4324,0,4324
C_LBDR_property_249,2072,0,2252,0,2072,2252,4324,0,4324
C_LBDR_property_250,2072,0,2252,0,2072,2252,4324,0,4324
C_LBDR_property_251,2072,0,2252,0,2072,2252,4324,0,4324
C_LBDR_property_252,4320,0,4,0,4320,4,4324,0,4324
C_LBDR_property_253,4320,0,4,0,4320,4,4324,0,4324
C_LBDR_property_254,4320,0,4,0,4320,4,4324,0,4324
C_LBDR_property_255,4320,0,4,0,4320,4,4324,0,4324
C_LBDR_property_256,4320,0,4,0,4320,4,4324,0,4324
C_LBDR_property_257,4320,0,4,0,4320,4,4324,0,4324
C_LBDR_property_258,4320,0,4,0,4320,4,4324,0,4324
C_LBDR_property_259,4320,0,4,0,4320,4,4324,0,4324
C_LBDR_property_260,4320,0,4,0,4320,4,4324,0,4324
C_LBDR_property_261,147,575,729,2873,722,3602,876,3448,4324
C_LBDR_property_262,1920,0,2404,0,1920,2404,4324,0,4324
C_LBDR_property_263,1920,0,2404,0,1920,2404,4324,0,4324
C_LBDR_property_264,1920,0,2404,0,1920,2404,4324,0,4324
C_LBDR_property_265,1920,0,2404,0,1920,2404,4324,0,4324
C_LBDR_property_266,1920,0,2404,0,1920,2404,4324,0,4324
C_LBDR_property_267,1920,0,2404,0,1920,2404,4324,0,4324
C_LBDR_property_268,1920,0,2404,0,1920,2404,4324,0,4324
C_LBDR_property_269,1920,0,2404,0,1920,2404,4324,0,4324
C_LBDR_property_270,1920,0,2404,0,1920,2404,4324,0,4324
C_LBDR_property_271,1920,0,2404,0,1920,2404,4324,0,4324
C_LBDR_property_272,4320,0,4,0,4320,4,4324,0,4324
C_LBDR_property_273,2160,0,2164,0,2160,2164,4324,0,4324
C_LBDR_property_274,2160,0,2164,0,2160,2164,4324,0,4324
C_LBDR_property_275,2160,0,2164,0,2160,2164,4324,0,4324
C_LBDR_property_276,2160,0,2164,0,2160,2164,4324,0,4324
C_LBDR_property_277,2074,0,2250,0,2074,2250,4324,0,4324
C_LBDR_property_278,2074,0,2250,0,2074,2250,4324,0,4324
C_LBDR_property_279,2074,0,2250,0,2074,2250,4324,0,4324
C_LBDR_property_280,2074,0,2250,0,2074,2250,4324,0,4324
C_LBDR_property_281,2074,0,2250,0,2074,2250,4324,0,4324
C_LBDR_property_282,4320,0,4,0,4320,4,4324,0,4324
C_LBDR_property_283,4320,0,4,0,4320,4,4324,0,4324
C_LBDR_property_284,4320,0,4,0,4320,4,4324,0,4324
C_LBDR_property_285,4320,0,4,0,4320,4,4324,0,4324
C_LBDR_property_286,4320,0,4,0,4320,4,4324,0,4324
C_LBDR_property_287,4320,0,4,0,4320,4,4324,0,4324
C_LBDR_property_288,4320,0,4,0,4320,4,4324,0,4324
C_LBDR_property_289,2160,0,2164,0,2160,2164,4324,0,4324
C_LBDR_property_290,4320,0,4,0,4320,4,4324,0,4324
C_LBDR_property_291,147,575,729,2873,722,3602,876,3448,4324
C_LBDR_property_292,0,722,0,3602,722,3602,0,4324,4324
C_LBDR_property_293,147,575,729,2873,722,3602,876,3448,4324
C_LBDR_property_294,0,722,0,3602,722,3602,0,4324,4324
C_LBDR_property_295,147,575,729,2873,722,3602,876,3448,4324
C_LBDR_property_296,0,722,0,3602,722,3602,0,4324,4324
C_LBDR_property_297,0,722,0,3602,722,3602,0,4324,4324
C_LBDR_property_298,722,0,3602,0,722,3602,4324,0,4324
C_LBDR_property_299,722,0,3602,0,722,3602,4324,0,4324
C_LBDR_property_300,722,0,3602,0,722,3602,4324,0,4324
C_LBDR_property_301,722,0,3602,0,722,3602,4324,0,4324
C_LBDR_property_302,722,0,3602,0,722,3602,4324,0,4324
C_LBDR_property_303,722,0,3602,0,722,3602,4324,0,4324
C_LBDR_property_304,722,0,2640,960,722,3600,3362,960,4322
C_LBDR_property_305,722,0,3360,240,722,3600,4082,240,4322
C_LBDR_property_306,722,0,2640,960,722,3600,3362,960,4322
C_LBDR_property_307,722,0,3360,240,722,3600,4082,240,4322
C_LBDR_property_308,15,0,3349,960,15,4309,3364,960,4324
C_LBDR_property_309,15,0,3349,960,15,4309,3364,960,4324
C_LBDR_property_310,15,0,4069,240,15,4309,4084,240,4324
C_LBDR_property_311,15,0,4309,0,15,4309,4324,0,4324
C_LBDR_property_312,0,0,4084,240,0,4324,4084,240,4324
C_LBDR_property_313,0,0,3364,960,0,4324,3364,960,4324
C_LBDR_property_314,0,0,4084,240,0,4324,4084,240,4324
C_LBDR_property_315,0,0,3364,960,0,4324,3364,960,4324
C_LBDR_property_316,0,0,4324,0,0,4324,4324,0,4324
C_LBDR_property_317,359,0,3965,0,359,3965,4324,0,4324
C_LBDR_property_318,359,0,3005,960,359,3965,3364,960,4324
C_LBDR_property_319,359,0,3725,240,359,3965,4084,240,4324
C_LBDR_property_320,359,0,3005,960,359,3965,3364,960,4324
C_LBDR_property_321,359,0,3725,240,359,3965,4084,240,4324
C_LBDR_property_322,359,0,3965,0,359,3965,4324,0,4324
C_LBDR_property_323,359,0,3005,960,359,3965,3364,960,4324
C_LBDR_property_324,359,0,3725,240,359,3965,4084,240,4324
C_LBDR_property_325,359,0,3005,960,359,3965,3364,960,4324
C_LBDR_property_326,359,0,3725,240,359,3965,4084,240,4324
C_LBDR_property_327,4320,0,4,0,4320,4,4324,0,4324
C_LBDR_property_328,359,0,3965,0,359,3965,4324,0,4324
C_LBDR_property_329,359,0,3005,960,359,3965,3364,960,4324
C_LBDR_property_330,359,0,3725,240,359,3965,4084,240,4324
C_LBDR_property_331,359,0,3005,960,359,3965,3364,960,4324
C_LBDR_property_332,359,0,3725,240,359,3965,4084,240,4324
C_LBDR_property_333,318,0,4006,0,318,4006,4324,0,4324
C_LBDR_property_334,318,0,3046,960,318,4006,3364,960,4324
C_LBDR_property_335,318,0,3766,240,318,4006,4084,240,4324
C_LBDR_property_336,318,0,3046,960,318,4006,3364,960,4324
C_LBDR_property_337,318,0,3766,240,318,4006,4084,240,4324
C_LBDR_property_338,405,0,3919,0,405,3919,4324,0,4324
C_LBDR_property_339,405,0,2959,960,405,3919,3364,960,4324
C_LBDR_property_340,405,0,3679,240,405,3919,4084,240,4324
C_LBDR_property_341,405,0,2959,960,405,3919,3364,960,4324
C_LBDR_property_342,405,0,3679,240,405,3919,4084,240,4324
C_LBDR_property_343,339,0,3985,0,339,3985,4324,0,4324
C_LBDR_property_344,339,0,3025,960,339,3985,3364,960,4324
C_LBDR_property_345,339,0,3745,240,339,3985,4084,240,4324
C_LBDR_property_346,339,0,3025,960,339,3985,3364,960,4324
C_LBDR_property_347,339,0,3745,240,339,3985,4084,240,4324
C_LBDR_property_348,339,0,3985,0,339,3985,4324,0,4324
C_LBDR_property_349,339,0,3025,960,339,3985,3364,960,4324
C_LBDR_property_350,339,0,3745,240,339,3985,4084,240,4324
C_LBDR_property_351,339,0,3025,960,339,3985,3364,960,4324
C_LBDR_property_352,339,0,3745,240,339,3985,4084,240,4324
C_LBDR_property_353,239,0,4085,0,239,4085,4324,0,4324
C_LBDR_property_354,239,0,3125,960,239,4085,3364,960,4324
C_LBDR_property_355,239,0,3845,240,239,4085,4084,240,4324
C_LBDR_property_356,239,0,3125,960,239,4085,3364,960,4324
C_LBDR_property_357,239,0,3845,240,239,4085,4084,240,4324
C_LBDR_property_358,0,0,4324,0,0,4324,4324,0,4324
C_LBDR_property_359,0,0,3364,960,0,4324,3364,960,4324
C_LBDR_property_360,0,0,4084,240,0,4324,4084,240,4324
C_LBDR_property_361,0,0,3364,960,0,4324,3364,960,4324
C_LBDR_property_362,0,0,4084,240,0,4324,4084,240,4324
C_LBDR_property_363,0,0,4324,0,0,4324,4324,0,4324
C_LBDR_property_364,0,0,3364,960,0,4324,3364,960,4324
C_LBDR_property_365,0,0,4084,240,0,4324,4084,240,4324
C_LBDR_property_366,0,0,3364,960,0,4324,3364,960,4324
C_LBDR_property_367,0,0,4084,240,0,4324,4084,240,4324
C_LBDR_property_368,540,0,3784,0,540,3784,4324,0,4324
C_LBDR_property_369,540,0,2824,960,540,3784,3364,960,4324
C_LBDR_property_370,540,0,3544,240,540,3784,4084,240,4324
C_LBDR_property_371,540,0,2824,960,540,3784,3364,960,4324
C_LBDR_property_372,540,0,3544,240,540,3784,4084,240,4324
C_LBDR_property_373,540,0,3784,0,540,3784,4324,0,4324
C_LBDR_property_374,540,0,2824,960,540,3784,3364,960,4324
C_LBDR_property_375,540,0,3544,240,540,3784,4084,240,4324
C_LBDR_property_376,540,0,2824,960,540,3784,3364,960,4324
C_LBDR_property_377,540,0,3544,240,540,3784,4084,240,4324
C_LBDR_property_378,539,0,3785,0,539,3785,4324,0,4324
C_LBDR_property_379,539,0,2825,960,539,3785,3364,960,4324
C_LBDR_property_380,539,0,3545,240,539,3785,4084,240,4324
C_LBDR_property_381,539,0,2825,960,539,3785,3364,960,4324
C_LBDR_property_382,539,0,3545,240,539,3785,4084,240,4324
C_LBDR_property_383,0,0,4324,0,0,4324,4324,0,4324
C_LBDR_property_384,0,0,3364,960,0,4324,3364,960,4324
C_LBDR_property_385,0,0,4084,240,0,4324,4084,240,4324
C_LBDR_property_386,0,0,3364,960,0,4324,3364,960,4324
C_LBDR_property_387,0,0,4084,240,0,4324,4084,240,4324
C_LBDR_property_388,539,0,3785,0,539,3785,4324,0,4324
C_LBDR_property_389,539,0,2825,960,539,3785,3364,960,4324
C_LBDR_property_390,539,0,3545,240,539,3785,4084,240,4324
C_LBDR_property_391,539,0,2825,960,539,3785,3364,960,4324
C_LBDR_property_392,539,0,3545,240,539,3785,4084,240,4324
C_LBDR_property_393,719,0,3605,0,719,3605,4324,0,4324
C_LBDR_property_394,719,0,2645,960,719,3605,3364,960,4324
C_LBDR_property_395,719,0,3365,240,719,3605,4084,240,4324
C_LBDR_property_396,719,0,2645,960,719,3605,3364,960,4324
C_LBDR_property_397,719,0,3365,240,719,3605,4084,240,4324
C_LBDR_property_398,719,0,3605,0,719,3605,4324,0,4324
C_LBDR_property_399,719,0,2645,960,719,3605,3364,960,4324
C_LBDR_property_400,719,0,3365,240,719,3605,4084,240,4324
C_LBDR_property_401,719,0,2645,960,719,3605,3364,960,4324
C_LBDR_property_402,719,0,3365,240,719,3605,4084,240,4324
C_LBDR_property_403,0,0,4324,0,0,4324,4324,0,4324
C_LBDR_property_404,0,0,3364,960,0,4324,3364,960,4324
C_LBDR_property_405,0,0,4084,240,0,4324,4084,240,4324
C_LBDR_property_406,0,0,3364,960,0,4324,3364,960,4324
C_LBDR_property_407,0,0,4084,240,0,4324,4084,240,4324
C_LBDR_property_408,719,0,3605,0,719,3605,4324,0,4324
C_LBDR_property_409,719,0,2645,960,719,3605,3364,960,4324
C_LBDR_property_410,719,0,3365,240,719,3605,4084,240,4324
C_LBDR_property_411,719,0,2645,960,719,3605,3364,960,4324
C_LBDR_property_412,719,0,3365,240,719,3605,4084,240,4324
C_LBDR_property_413,719,0,3605,0,719,3605,4324,0,4324
C_LBDR_property_414,719,0,2645,960,719,3605,3364,960,4324
C_LBDR_property_415,719,0,3365,240,719,3605,4084,240,4324
C_LBDR_property_416,719,0,2645,960,719,3605,3364,960,4324
C_LBDR_property_417,719,0,3365,240,719,3605,4084,240,4324
C_LBDR_property_418,0,0,4324,0,0,4324,4324,0,4324
C_LBDR_property_419,0,0,3364,960,0,4324,3364,960,4324
C_LBDR_property_420,0,0,4084,240,0,4324,4084,240,4324
C_LBDR_property_421,0,0,3364,960,0,4324,3364,960,4324
C_LBDR_property_422,0,0,4084,240,0,4324,4084,240,4324
C_LBDR_property_423,719,0,3605,0,719,3605,4324,0,4324
C_LBDR_property_424,719,0,2645,960,719,3605,3364,960,4324
C_LBDR_property_425,719,0,3365,240,719,3605,4084,240,4324
C_LBDR_property_426,719,0,2645,960,719,3605,3364,960,4324
C_LBDR_property_427,719,0,3365,240,719,3605,4084,240,4324
C_LBDR_property_428,0,0,4324,0,0,4324,4324,0,4324
C_LBDR_property_429,0,0,3364,960,0,4324,3364,960,4324
C_LBDR_property_430,0,0,4084,240,0,4324,4084,240,4324
C_LBDR_property_431,0,0,3364,960,0,4324,3364,960,4324
C_LBDR_property_432,0,0,4084,240,0,4324,4084,240,4324
C_LBDR_property_433,722,0,3602,0,722,3602,4324,0,4324
C_LBDR_property_434,0,722,0,3602,722,3602,0,4324,4324
C_LBDR_property_435,0,722,0,3602,722,3602,0,4324,4324
C_LBDR_property_436,689,33,3429,173,722,3602,4118,206,4324
C_LBDR_property_437,0,722,0,3602,722,3602,0,4324,4324
C_LBDR_property_438,722,0,3602,0,722,3602,4324,0,4324
C_LBDR_property_439,722,0,3602,0,722,3602,4324,0,4324
C_LBDR_property_440,722,0,3602,0,722,3602,4324,0,4324
C_LBDR_property_441,722,0,3602,0,722,3602,4324,0,4324
C_LBDR_property_442,722,0,3602,0,722,3602,4324,0,4324
C_LBDR_property_443,697,23,3385,217,720,3602,4082,240,4322
C_LBDR_property_444,0,0,4084,240,0,4324,4084,240,4324
C_LBDR_property_445,2072,0,2252,0,2072,2252,4324,0,4324
C_LBDR_property_446,4320,0,4,0,4320,4,4324,0,4324
C_LBDR_property_447,2160,0,2164,0,2160,2164,4324,0,4324
C_LBDR_property_448,2160,0,2164,0,2160,2164,4324,0,4324
C_LBDR_property_449,0,2160,0,2164,2160,2164,0,4324,4324
C_LBDR_property_450,2160,0,2164,0,2160,2164,4324,0,4324
C_LBDR_property_451,2148,0,2176,0,2148,2176,4324,0,4324
C_LBDR_property_452,2148,0,2176,0,2148,2176,4324,0,4324
C_LBDR_property_453,0,2148,0,2176,2148,2176,0,4324,4324
C_LBDR_property_454,2148,0,2176,0,2148,2176,4324,0,4324
C_LBDR_property_455,4320,0,4,0,4320,4,4324,0,4324
C_LBDR_property_456,0,0,4324,0,0,4324,4324,0,4324
C_LBDR_property_457,0,0,4324,0,0,4324,4324,0,4324
C_LBDR_property_458,0,0,4324,0,0,4324,4324,0,4324
C_LBDR_property_459,0,0,4324,0,0,4324,4324,0,4324
C_LBDR_property_460,0,0,0,4324,0,4324,0,4324,4324
C_LBDR_property_461,0,0,4324,0,0,4324,4324,0,4324
C_LBDR_property_462,0,0,4324,0,0,4324,4324,0,4324
C_LBDR_property_463,0,0,4324,0,0,4324,4324,0,4324
C_LBDR_property_464,0,0,0,4324,0,4324,0,4324,4324
C_LBDR_property_465,0,0,4324,0,0,4324,4324,0,4324
C_LBDR_property_466,2160,0,2164,0,2160,2164,4324,0,4324
C_LBDR_property_467,1200,0,3124,0,1200,3124,4324,0,4324
C_LBDR_property_468,1200,0,3124,0,1200,3124,4324,0,4324
C_LBDR_property_469,1200,0,3124,0,1200,3124,4324,0,4324
C_LBDR_property_470,0,1200,0,3124,1200,3124,0,4324,4324
C_LBDR_property_471,4320,0,4,0,4320,4,4324,0,4324
C_LBDR_property_472,3240,0,1084,0,3240,1084,4324,0,4324
C_LBDR_property_473,3240,0,1084,0,3240,1084,4324,0,4324
C_LBDR_property_474,3240,0,1084,0,3240,1084,4324,0,4324
C_LBDR_property_475,0,3240,0,1084,3240,1084,0,4324,4324
C_LBDR_property_476,1920,0,2404,0,1920,2404,4324,0,4324
C_LBDR_property_477,1920,0,2404,0,1920,2404,4324,0,4324
C_LBDR_property_478,1920,0,2404,0,1920,2404,4324,0,4324
C_LBDR_property_479,0,1920,0,2404,1920,2404,0,4324,4324
C_LBDR_property_480,2291,0,2033,0,2291,2033,4324,0,4324
C_LBDR_property_481,1680,0,2644,0,1680,2644,4324,0,4324
C_LBDR_property_482,1680,0,2644,0,1680,2644,4324,0,4324
C_LBDR_property_483,1680,0,2644,0,1680,2644,4324,0,4324
C_LBDR_property_484,0,1680,0,2644,1680,2644,0,4324,4324
C_LBDR_property_485,1680,0,2644,0,1680,2644,4324,0,4324
C_LBDR_property_486,0,0,4324,0,0,4324,4324,0,4324
C_LBDR_property_487,2072,0,2252,0,2072,2252,4324,0,4324
C_LBDR_property_488,2160,0,2164,0,2160,2164,4324,0,4324
C_LBDR_property_489,2160,0,2164,0,2160,2164,4324,0,4324
C_LBDR_property_490,2160,0,2164,0,2160,2164,4324,0,4324
C_LBDR_property_491,2160,0,2164,0,2160,2164,4324,0,4324
C_LBDR_property_492,2160,0,2164,0,2160,2164,4324,0,4324
C_LBDR_property_493,2160,0,2164,0,2160,2164,4324,0,4324
C_LBDR_property_494,2160,0,2164,0,2160,2164,4324,0,4324
C_LBDR_property_495,0,2160,0,2164,2160,2164,0,4324,4324
C_LBDR_property_496,2160,0,2164,0,2160,2164,4324,0,4324
C_LBDR_property_497,0,0,4324,0,0,4324,4324,0,4324
C_LBDR_property_498,0,0,4324,0,0,4324,4324,0,4324
C_LBDR_property_499,0,0,4324,0,0,4324,4324,0,4324
C_LBDR_property_500,0,0,0,4324,0,4324,0,4324,4324
C_LBDR_property_501,1680,0,2644,0,1680,2644,4324,0,4324
C_LBDR_property_502,3240,0,1084,0,3240,1084,4324,0,4324
C_LBDR_property_503,3240,0,1084,0,3240,1084,4324,0,4324
C_LBDR_property_504,3240,0,1084,0,3240,1084,4324,0,4324
C_LBDR_property_505,0,3240,0,1084,3240,1084,0,4324,4324
C_LBDR_property_506,3240,0,1084,0,3240,1084,4324,0,4324
C_LBDR_property_507,3240,0,1084,0,3240,1084,4324,0,4324
C_LBDR_property_508,3240,0,1084,0,3240,1084,4324,0,4324
C_LBDR_property_509,3240,0,1084,0,3240,1084,4324,0,4324
C_LBDR_property_510,0,3240,0,1084,3240,1084,0,4324,4324
C_LBDR_property_511,3240,0,1084,0,3240,1084,4324,0,4324
C_LBDR_property_512,3240,0,1084,0,3240,1084,4324,0,4324
C_LBDR_property_513,3240,0,1084,0,3240,1084,4324,0,4324
C_LBDR_property_514,0,3240,0,1084,3240,1084,0,4324,4324
C_LBDR_property_515,3240,0,1084,0,3240,1084,4324,0,4324
C_LBDR_property_516,722,0,3602,0,722,3602,4324,0,4324
C_LBDR_property_517,722,0,3602,0,722,3602,4324,0,4324
C_LBDR_property_518,0,722,0,3602,722,3602,0,4324,4324
C_LBDR_property_519,2291,0,2033,0,2291,2033,4324,0,4324
C_LBDR_property_520,2160,0,2164,0,2160,2164,4324,0,4324
C_LBDR_property_521,2160,0,2164,0,2160,2164,4324,0,4324
C_LBDR_property_522,2160,0,2164,0,2160,2164,4324,0,4324
C_LBDR_property_523,0,2160,0,2164,2160,2164,0,4324,4324
C_LBDR_property_524,2160,0,2164,0,2160,2164,4324,0,4324
C_LBDR_property_525,2291,0,2033,0,2291,2033,4324,0,4324
C_LBDR_property_526,2291,0,2033,0,2291,2033,4324,0,4324
C_LBDR_property_527,2291,0,2033,0,2291,2033,4324,0,4324
C_LBDR_property_528,0,2291,0,2033,2291,2033,0,4324,4324
C_LBDR_property_529,720,0,3604,0,720,3604,4324,0,4324
C_LBDR_property_530,720,0,3604,0,720,3604,4324,0,4324
C_LBDR_property_531,720,0,3604,0,720,3604,4324,0,4324
C_LBDR_property_532,720,0,3604,0,720,3604,4324,0,4324
C_LBDR_property_533,0,720,0,3604,720,3604,0,4324,4324
C_LBDR_property_534,0,0,4324,0,0,4324,4324,0,4324
C_LBDR_property_535,0,0,0,4324,0,4324,0,4324,4324
C_LBDR_property_536,0,0,4324,0,0,4324,4324,0,4324
C_LBDR_property_537,0,0,4324,0,0,4324,4324,0,4324
C_LBDR_property_538,3240,0,1084,0,3240,1084,4324,0,4324
C_LBDR_property_539,2072,0,2252,0,2072,2252,4324,0,4324
C_LBDR_property_540,2072,0,2252,0,2072,2252,4324,0,4324
C_LBDR_property_541,2072,0,2252,0,2072,2252,4324,0,4324
C_LBDR_property_542,0,2072,0,2252,2072,2252,0,4324,4324
C_LBDR_property_543,4320,0,4,0,4320,4,4324,0,4324
C_LBDR_property_544,4320,0,4,0,4320,4,4324,0,4324
C_LBDR_property_545,4320,0,4,0,4320,4,4324,0,4324
C_LBDR_property_546,0,4320,0,4,4320,4,0,4324,4324
C_LBDR_property_547,4320,0,4,0,4320,4,4324,0,4324
C_LBDR_property_548,4320,0,4,0,4320,4,4324,0,4324
C_LBDR_property_549,4320,0,4,0,4320,4,4324,0,4324
C_LBDR_property_550,0,4320,0,4,4320,4,0,4324,4324
C_LBDR_property_551,4320,0,4,0,4320,4,4324,0,4324
C_LBDR_property_552,0,0,4324,0,0,4324,4324,0,4324
C_LBDR_property_553,0,0,3364,960,0,4324,3364,960,4324
C_LBDR_property_554,0,0,3364,960,0,4324,3364,960,4324
C_LBDR_property_555,0,0,4084,240,0,4324,4084,240,4324
C_LBDR_property_556,0,0,4324,0,0,4324,4324,0,4324
C_LBDR_property_557,4323,0,1,0,4323,1,4324,0,4324
C_LBDR_property_558,624,96,2738,864,720,3602,3362,960,4322
C_LBDR_property_559,2160,0,2164,0,2160,2164,4324,0,4324
C_LBDR_property_560,2160,0,2164,0,2160,2164,4324,0,4324
C_LBDR_property_561,720,0,3602,0,720,3602,4322,0,4322
C_LBDR_property_562,2160,0,2164,0,2160,2164,4324,0,4324
C_LBDR_property_563,2160,0,2164,0,2160,2164,4324,0,4324
C_LBDR_property_564,0,2160,0,2164,2160,2164,0,4324,4324
C_LBDR_property_565,2074,0,2250,0,2074,2250,4324,0,4324
C_LBDR_property_566,2074,0,2250,0,2074,2250,4324,0,4324
C_LBDR_property_567,2074,0,2250,0,2074,2250,4324,0,4324
C_LBDR_property_568,0,2074,0,2250,2074,2250,0,4324,4324
C_LBDR_property_569,2074,0,2250,0,2074,2250,4324,0,4324
C_LBDR_property_570,3240,0,1084,0,3240,1084,4324,0,4324
C_LBDR_property_571,4320,0,4,0,4320,4,4324,0,4324
C_LBDR_property_572,4320,0,4,0,4320,4,4324,0,4324
C_LBDR_property_573,4320,0,4,0,4320,4,4324,0,4324
C_LBDR_property_574,0,4320,0,4,4320,4,0,4324,4324
C_LBDR_property_575,1920,0,2404,0,1920,2404,4324,0,4324
C_LBDR_property_576,4320,0,4,0,4320,4,4324,0,4324
C_LBDR_property_577,4320,0,4,0,4320,4,4324,0,4324
C_LBDR_property_578,4320,0,4,0,4320,4,4324,0,4324
C_LBDR_property_579,4320,0,4,0,4320,4,4324,0,4324
C_LBDR_property_580,0,4320,0,4,4320,4,0,4324,4324
C_LBDR_property_581,1200,0,3124,0,1200,3124,4324,0,4324
C_LBDR_property_582,0,0,4324,0,0,4324,4324,0,4324
C_LBDR_property_583,0,0,4324,0,0,4324,4324,0,4324
C_LBDR_property_584,0,0,3363,960,0,4323,3363,960,4323
C_LBDR_property_585,0,0,4083,240,0,4323,4083,240,4323
C_LBDR_property_586,0,0,3363,960,0,4323,3363,960,4323
C_LBDR_property_587,0,0,4083,240,0,4323,4083,240,4323
C_LBDR_property_588,0,0,4324,0,0,4324,4324,0,4324
C_LBDR_property_589,0,0,3363,960,0,4323,3363,960,4323
C_LBDR_property_590,0,0,4083,240,0,4323,4083,240,4323
C_LBDR_property_591,0,0,3363,960,0,4323,3363,960,4323
C_LBDR_property_592,0,0,4083,240,0,4323,4083,240,4323
C_LBDR_property_593,3240,0,1084,0,3240,1084,4324,0,4324
C_LBDR_property_594,2148,0,2176,0,2148,2176,4324,0,4324
C_LBDR_property_595,3240,0,1084,0,3240,1084,4324,0,4324
C_LBDR_property_596,0,0,4324,0,0,4324,4324,0,4324
C_LBDR_property_597,0,0,4324,0,0,4324,4324,0,4324
C_LBDR_property_598,0,0,4324,0,0,4324,4324,0,4324
C_LBDR_property_599,0,0,4324,0,0,4324,4324,0,4324
C_LBDR_property_600,0,0,4324,0,0,4324,4324,0,4324
C_LBDR_property_601,0,0,4324,0,0,4324,4324,0,4324
C_LBDR_property_602,0,0,4324,0,0,4324,4324,0,4324
C_LBDR_property_603,0,0,4324,0,0,4324,4324,0,4324
C_LBDR_property_604,0,0,4324,0,0,4324,4324,0,4324
C_LBDR_property_605,0,0,4324,0,0,4324,4324,0,4324
C_LBDR_property_606,0,0,4324,0,0,4324,4324,0,4324
C_LBDR_property_607,0,0,0,4324,0,4324,0,4324,4324
C_LBDR_property_608,0,0,0,4324,0,4324,0,4324,4324
C_LBDR_property_609,0,0,876,3448,0,4324,876,3448,4324
C_LBDR_property_610,0,0,0,4324,0,4324,0,4324,4324
C_LBDR_property_611,2148,0,2176,0,2148,2176,4324,0,4324
C_LBDR_property_612,2148,0,2176,0,2148,2176,4324,0,4324
C_LBDR_property_613,2148,0,2176,0,2148,2176,4324,0,4324
C_LBDR_property_614,3240,0,1084,0,3240,1084,4324,0,4324
C_LBDR_property_615,2148,0,2176,0,2148,2176,4324,0,4324
C_LBDR_property_616,2148,0,2176,0,2148,2176,4324,0,4324
C_LBDR_property_617,4323,0,1,0,4323,1,4324,0,4324
C_LBDR_property_618,0,0,4084,240,0,4324,4084,240,4324
C_LBDR_property_619,0,0,3364,960,0,4324,3364,960,4324
C_LBDR_property_620,0,0,4084,240,0,4324,4084,240,4324
C_LBDR_property_621,0,0,3364,960,0,4324,3364,960,4324
C_LBDR_property_622,0,0,4324,0,0,4324,4324,0,4324
C_LBDR_property_623,4323,0,1,0,4323,1,4324,0,4324
C_LBDR_property_624,4323,0,1,0,4323,1,4324,0,4324
C_LBDR_property_625,4323,0,1,0,4323,1,4324,0,4324
C_LBDR_property_626,4323,0,1,0,4323,1,4324,0,4324
C_LBDR_property_627,4323,0,1,0,4323,1,4324,0,4324
C_LBDR_property_628,4324,0,0,0,4324,0,4324,0,4324
C_LBDR_property_629,4324,0,0,0,4324,0,4324,0,4324
C_LBDR_property_630,4324,0,0,0,4324,0,4324,0,4324
C_LBDR_property_631,4324,0,0,0,4324,0,4324,0,4324
C_LBDR_property_632,4324,0,0,0,4324,0,4324,0,4324
C_LBDR_property_633,4323,0,1,0,4323,1,4324,0,4324
C_LBDR_property_634,0,0,4324,0,0,4324,4324,0,4324
C_LBDR_property_635,0,0,4324,0,0,4324,4324,0,4324
C_LBDR_property_636,0,0,4324,0,0,4324,4324,0,4324
C_LBDR_property_637,0,0,4324,0,0,4324,4324,0,4324
C_LBDR_property_638,0,0,4324,0,0,4324,4324,0,4324
C_LBDR_property_639,0,0,4324,0,0,4324,4324,0,4324
C_LBDR_property_640,0,0,4324,0,0,4324,4324,0,4324
C_LBDR_property_641,0,0,4324,0,0,4324,4324,0,4324
C_LBDR_property_642,0,0,4324,0,0,4324,4324,0,4324
C_LBDR_property_643,0,0,4324,0,0,4324,4324,0,4324
C_LBDR_property_644,5,10,4079,230,15,4309,4084,240,4324
C_LBDR_property_645,2164,0,2160,0,2164,2160,4324,0,4324
C_LBDR_property_646,2164,0,2160,0,2164,2160,4324,0,4324
C_LBDR_property_647,0,2164,0,2160,2164,2160,0,4324,4324
C_LBDR_property_648,2033,0,2291,0,2033,2291,4324,0,4324
C_LBDR_property_649,2033,0,2291,0,2033,2291,4324,0,4324
C_LBDR_property_650,0,2033,0,2291,2033,2291,0,4324,4324
C_LBDR_property_651,2252,0,2072,0,2252,2072,4324,0,4324
C_LBDR_property_652,2252,0,2072,0,2252,2072,4324,0,4324
C_LBDR_property_653,0,2252,0,2072,2252,2072,0,4324,4324
C_LBDR_property_654,4320,0,4,0,4320,4,4324,0,4324
C_LBDR_property_655,4320,0,4,0,4320,4,4324,0,4324
C_LBDR_property_656,4320,0,4,0,4320,4,4324,0,4324
C_LBDR_property_657,4320,0,4,0,4320,4,4324,0,4324
C_LBDR_property_658,4320,0,4,0,4320,4,4324,0,4324
C_LBDR_property_659,4320,0,4,0,4320,4,4324,0,4324
C_LBDR_property_660,4320,0,4,0,4320,4,4324,0,4324
C_LBDR_property_661,4320,0,4,0,4320,4,4324,0,4324
C_LBDR_property_662,4320,0,4,0,4320,4,4324,0,4324
C_LBDR_property_663,4320,0,4,0,4320,4,4324,0,4324
C_LBDR_property_664,2250,0,2074,0,2250,2074,4324,0,4324
C_LBDR_property_665,2250,0,2074,0,2250,2074,4324,0,4324
C_LBDR_property_666,0,2250,0,2074,2250,2074,0,4324,4324
C_LBDR_property_667,2176,0,2148,0,2176,2148,4324,0,4324
C_LBDR_property_668,2176,0,2148,0,2176,2148,4324,0,4324
C_LBDR_property_669,0,2176,0,2148,2176,2148,0,4324,4324
C_LBDR_property_670,3604,0,720,0,3604,720,4324,0,4324
C_LBDR_property_671,0,3604,0,720,3604,720,0,4324,4324
C_LBDR_property_672,3604,0,720,0,3604,720,4324,0,4324
C_LBDR_property_673,2644,0,1680,0,2644,1680,4324,0,4324
C_LBDR_property_674,2644,0,1680,0,2644,1680,4324,0,4324
C_LBDR_property_675,0,2644,0,1680,2644,1680,0,4324,4324
C_LBDR_property_676,3124,0,1200,0,3124,1200,4324,0,4324
C_LBDR_property_677,3124,0,1200,0,3124,1200,4324,0,4324
C_LBDR_property_678,0,3124,0,1200,3124,1200,0,4324,4324
C_LBDR_property_679,1084,0,3240,0,1084,3240,4324,0,4324
C_LBDR_property_680,1084,0,3240,0,1084,3240,4324,0,4324
C_LBDR_property_681,0,1084,0,3240,1084,3240,0,4324,4324
C_LBDR_property_682,1084,0,3240,0,1084,3240,4324,0,4324
C_LBDR_property_683,1084,0,3240,0,1084,3240,4324,0,4324
C_LBDR_property_684,0,1084,0,3240,1084,3240,0,4324,4324
C_LBDR_property_685,1084,0,3240,0,1084,3240,4324,0,4324
C_LBDR_property_686,1084,0,3240,0,1084,3240,4324,0,4324
C_LBDR_property_687,0,1084,0,3240,1084,3240,0,4324,4324
C_LBDR_property_688,4320,0,4,0,4320,4,4324,0,4324
C_LBDR_property_689,4320,0,4,0,4320,4,4324,0,4324
C_LBDR_property_690,4320,0,4,0,4320,4,4324,0,4324
C_LBDR_property_691,4320,0,4,0,4320,4,4324,0,4324
C_LBDR_property_692,4320,0,4,0,4320,4,4324,0,4324
C_LBDR_property_693,4320,0,4,0,4320,4,4324,0,4324
C_LBDR_property_694,4320,0,4,0,4320,4,4324,0,4324
C_LBDR_property_695,4320,0,4,0,4320,4,4324,0,4324
C_LBDR_property_696,4320,0,4,0,4320,4,4324,0,4324
C_LBDR_property_697,4320,0,4,0,4320,4,4324,0,4324
C_LBDR_property_698,4324,0,0,0,4324,0,4324,0,4324
C_LBDR_property_699,4324,0,0,0,4324,0,4324,0,4324
C_LBDR_property_700,0,4324,0,0,4324,0,0,4324,4324
C_LBDR_property_701,0,1084,0,3240,1084,3240,0,4324,4324
C_LBDR_property_702,1084,0,3240,0,1084,3240,4324,0,4324
C_LBDR_property_703,1084,0,3240,0,1084,3240,4324,0,4324
C_LBDR_property_704,4324,0,0,0,4324,0,4324,0,4324
C_LBDR_property_705,4324,0,0,0,4324,0,4324,0,4324
C_LBDR_property_706,0,4324,0,0,4324,0,0,4324,4324
C_LBDR_property_707,4,0,4320,0,4,4320,4324,0,4324
C_LBDR_property_708,4,0,4320,0,4,4320,4324,0,4324
C_LBDR_property_709,0,4,0,4320,4,4320,0,4324,4324
C_LBDR_property_710,4,0,4320,0,4,4320,4324,0,4324
C_LBDR_property_711,4,0,4320,0,4,4320,4324,0,4324
C_LBDR_property_712,0,4,0,4320,4,4320,0,4324,4324
C_LBDR_property_713,4,0,4320,0,4,4320,4324,0,4324
C_LBDR_property_714,4,0,4320,0,4,4320,4324,0,4324
C_LBDR_property_715,0,4,0,4320,4,4320,0,4324,4324
C_LBDR_property_716,2074,0,2250,0,2074,2250,4324,0,4324
C_LBDR_property_717,2074,0,2250,0,2074,2250,4324,0,4324
C_LBDR_property_718,2074,0,2250,0,2074,2250,4324,0,4324
C_LBDR_property_719,2074,0,2250,0,2074,2250,4324,0,4324
C_LBDR_property_720,2074,0,2250,0,2074,2250,4324,0,4324
C_LBDR_property_721,2074,0,2250,0,2074,2250,4324,0,4324
C_LBDR_property_722,2074,0,2250,0,2074,2250,4324,0,4324
C_LBDR_property_723,2074,0,2250,0,2074,2250,4324,0,4324
C_LBDR_property_724,2074,0,2250,0,2074,2250,4324,0,4324
C_LBDR_property_725,2074,0,2250,0,2074,2250,4324,0,4324
C_LBDR_property_726,2074,0,2250,0,2074,2250,4324,0,4324
C_LBDR_property_727,2074,0,2250,0,2074,2250,4324,0,4324
C_LBDR_property_728,4,0,4320,0,4,4320,4324,0,4324
C_LBDR_property_729,4,0,4320,0,4,4320,4324,0,4324
C_LBDR_property_730,0,4,0,4320,4,4320,0,4324,4324
C_LBDR_property_731,4324,0,0,0,4324,0,4324,0,4324
C_LBDR_property_732,4324,0,0,0,4324,0,4324,0,4324
C_LBDR_property_733,0,4324,0,0,4324,0,0,4324,4324
C_LBDR_property_734,4324,0,0,0,4324,0,4324,0,4324
C_LBDR_property_735,4324,0,0,0,4324,0,4324,0,4324
C_LBDR_property_736,0,4324,0,0,4324,0,0,4324,4324
C_LBDR_property_737,2404,0,1920,0,2404,1920,4324,0,4324
C_LBDR_property_738,0,2404,0,1920,2404,1920,0,4324,4324
C_LBDR_property_739,2404,0,1920,0,2404,1920,4324,0,4324
C_LBDR_property_740,3602,0,722,0,3602,722,4324,0,4324
C_LBDR_property_741,3602,0,722,0,3602,722,4324,0,4324
C_LBDR_property_742,3602,0,722,0,3602,722,4324,0,4324
C_LBDR_property_743,0,3602,0,722,3602,722,0,4324,4324
C_LBDR_property_744,2160,0,2164,0,2160,2164,4324,0,4324
C_LBDR_property_745,2160,0,2164,0,2160,2164,4324,0,4324
C_LBDR_property_746,2160,0,2164,0,2160,2164,4324,0,4324
C_LBDR_property_747,2160,0,2164,0,2160,2164,4324,0,4324
C_LBDR_property_748,2160,0,2164,0,2160,2164,4324,0,4324
C_LBDR_property_749,2160,0,2164,0,2160,2164,4324,0,4324
C_LBDR_property_750,2160,0,2164,0,2160,2164,4324,0,4324
C_LBDR_property_751,2160,0,2164,0,2160,2164,4324,0,4324
C_LBDR_property_752,2160,0,2164,0,2160,2164,4324,0,4324
C_LBDR_property_753,2160,0,2164,0,2160,2164,4324,0,4324
C_LBDR_property_754,4320,0,4,0,4320,4,4324,0,4324
C_LBDR_property_755,4320,0,4,0,4320,4,4324,0,4324
C_LBDR_property_756,4320,0,4,0,4320,4,4324,0,4324
C_LBDR_property_757,4320,0,4,0,4320,4,4324,0,4324
C_LBDR_property_758,4320,0,4,0,4320,4,4324,0,4324
C_LBDR_property_759,4320,0,4,0,4320,4,4324,0,4324
C_LBDR_property_760,4320,0,4,0,4320,4,4324,0,4324
C_LBDR_property_761,4320,0,4,0,4320,4,4324,0,4324
C_LBDR_property_762,4320,0,4,0,4320,4,4324,0,4324
C_LBDR_property_763,4320,0,4,0,4320,4,4324,0,4324
C_LBDR_property_764,4320,0,4,0,4320,4,4324,0,4324
C_LBDR_property_765,4320,0,4,0,4320,4,4324,0,4324
C_LBDR_property_766,2164,0,2160,0,2164,2160,4324,0,4324
C_LBDR_property_767,2164,0,2160,0,2164,2160,4324,0,4324
C_LBDR_property_768,0,2164,0,2160,2164,2160,0,4324,4324
C_LBDR_property_769,4320,0,4,0,4320,4,4324,0,4324
C_LBDR_property_770,4320,0,4,0,4320,4,4324,0,4324
C_LBDR_property_771,4320,0,4,0,4320,4,4324,0,4324
C_LBDR_property_772,4320,0,4,0,4320,4,4324,0,4324
C_LBDR_property_773,4320,0,4,0,4320,4,4324,0,4324
C_LBDR_property_774,4320,0,4,0,4320,4,4324,0,4324
C_LBDR_property_775,2072,0,2252,0,2072,2252,4324,0,4324
C_LBDR_property_776,2072,0,2252,0,2072,2252,4324,0,4324
C_LBDR_property_777,4320,0,4,0,4320,4,4324,0,4324
C_LBDR_property_778,4320,0,4,0,4320,4,4324,0,4324
C_LBDR_property_779,4320,0,4,0,4320,4,4324,0,4324
C_LBDR_property_780,4320,0,4,0,4320,4,4324,0,4324
C_LBDR_property_781,2072,0,2252,0,2072,2252,4324,0,4324
C_LBDR_property_782,2072,0,2252,0,2072,2252,4324,0,4324
C_LBDR_property_783,2072,0,2252,0,2072,2252,4324,0,4324
C_LBDR_property_784,2072,0,2252,0,2072,2252,4324,0,4324
C_LBDR_property_785,2072,0,2252,0,2072,2252,4324,0,4324
C_LBDR_property_786,2072,0,2252,0,2072,2252,4324,0,4324
C_LBDR_property_787,2072,0,2252,0,2072,2252,4324,0,4324
C_LBDR_property_788,2072,0,2252,0,2072,2252,4324,0,4324
C_LBDR_property_789,0,0,4324,0,0,4324,4324,0,4324
C_LBDR_property_790,0,0,4324,0,0,4324,4324,0,4324
C_LBDR_property_791,0,0,4324,0,0,4324,4324,0,4324
C_LBDR_property_792,0,0,4324,0,0,4324,4324,0,4324
C_LBDR_property_793,0,0,4324,0,0,4324,4324,0,4324
C_LBDR_property_794,0,0,4324,0,0,4324,4324,0,4324
C_LBDR_property_795,0,0,4324,0,0,4324,4324,0,4324
C_LBDR_property_796,0,0,4324,0,0,4324,4324,0,4324
C_LBDR_property_797,0,0,4324,0,0,4324,4324,0,4324
C_LBDR_property_798,0,0,4324,0,0,4324,4324,0,4324
C_LBDR_property_799,720,0,3604,0,720,3604,4324,0,4324
C_LBDR_property_800,720,0,3604,0,720,3604,4324,0,4324
C_LBDR_property_801,720,0,3604,0,720,3604,4324,0,4324
C_LBDR_property_802,720,0,3604,0,720,3604,4324,0,4324
C_LBDR_property_803,720,0,3604,0,720,3604,4324,0,4324
C_LBDR_property_804,720,0,3604,0,720,3604,4324,0,4324
C_LBDR_property_805,2291,0,2033,0,2291,2033,4324,0,4324
C_LBDR_property_806,2291,0,2033,0,2291,2033,4324,0,4324
C_LBDR_property_807,720,0,3604,0,720,3604,4324,0,4324
C_LBDR_property_808,720,0,3604,0,720,3604,4324,0,4324
C_LBDR_property_809,720,0,3604,0,720,3604,4324,0,4324
C_LBDR_property_810,720,0,3604,0,720,3604,4324,0,4324
C_LBDR_property_811,2291,0,2033,0,2291,2033,4324,0,4324
C_LBDR_property_812,2291,0,2033,0,2291,2033,4324,0,4324
C_LBDR_property_813,2291,0,2033,0,2291,2033,4324,0,4324
C_LBDR_property_814,2291,0,2033,0,2291,2033,4324,0,4324
C_LBDR_property_815,3240,0,1084,0,3240,1084,4324,0,4324
C_LBDR_property_816,3240,0,1084,0,3240,1084,4324,0,4324
C_LBDR_property_817,2291,0,2033,0,2291,2033,4324,0,4324
C_LBDR_property_818,2291,0,2033,0,2291,2033,4324,0,4324
C_LBDR_property_819,2291,0,2033,0,2291,2033,4324,0,4324
C_LBDR_property_820,2291,0,2033,0,2291,2033,4324,0,4324
C_LBDR_property_821,3240,0,1084,0,3240,1084,4324,0,4324
C_LBDR_property_822,3240,0,1084,0,3240,1084,4324,0,4324
C_LBDR_property_823,3240,0,1084,0,3240,1084,4324,0,4324
C_LBDR_property_824,3240,0,1084,0,3240,1084,4324,0,4324
C_LBDR_property_825,3240,0,1084,0,3240,1084,4324,0,4324
C_LBDR_property_826,3240,0,1084,0,3240,1084,4324,0,4324
C_LBDR_property_827,3240,0,1084,0,3240,1084,4324,0,4324
C_LBDR_property_828,3240,0,1084,0,3240,1084,4324,0,4324
C_LBDR_property_829,722,0,3602,0,722,3602,4324,0,4324
C_LBDR_property_830,722,0,3602,0,722,3602,4324,0,4324
C_LBDR_property_831,722,0,3602,0,722,3602,4324,0,4324
C_LBDR_property_832,722,0,3602,0,722,3602,4324,0,4324
C_LBDR_property_833,722,0,3602,0,722,3602,4324,0,4324
C_LBDR_property_834,722,0,3602,0,722,3602,4324,0,4324
C_LBDR_property_835,722,0,3602,0,722,3602,4324,0,4324
C_LBDR_property_836,722,0,3602,0,722,3602,4324,0,4324
C_LBDR_property_837,722,0,3602,0,722,3602,4324,0,4324
C_LBDR_property_838,722,0,3602,0,722,3602,4324,0,4324
C_LBDR_property_839,722,0,3602,0,722,3602,4324,0,4324
C_LBDR_property_840,722,0,3602,0,722,3602,4324,0,4324
C_LBDR_property_841,3240,0,1084,0,3240,1084,4324,0,4324
C_LBDR_property_842,3240,0,1084,0,3240,1084,4324,0,4324
C_LBDR_property_843,722,0,3602,0,722,3602,4324,0,4324
C_LBDR_property_844,722,0,3602,0,722,3602,4324,0,4324
C_LBDR_property_845,722,0,3602,0,722,3602,4324,0,4324
C_LBDR_property_846,722,0,3602,0,722,3602,4324,0,4324
C_LBDR_property_847,3240,0,1084,0,3240,1084,4324,0,4324
C_LBDR_property_848,3240,0,1084,0,3240,1084,4324,0,4324
C_LBDR_property_849,3240,0,1084,0,3240,1084,4324,0,4324
C_LBDR_property_850,3240,0,1084,0,3240,1084,4324,0,4324
C_LBDR_property_851,2160,0,2164,0,2160,2164,4324,0,4324
C_LBDR_property_852,2160,0,2164,0,2160,2164,4324,0,4324
C_LBDR_property_853,3240,0,1084,0,3240,1084,4324,0,4324
C_LBDR_property_854,3240,0,1084,0,3240,1084,4324,0,4324
C_LBDR_property_855,3240,0,1084,0,3240,1084,4324,0,4324
C_LBDR_property_856,3240,0,1084,0,3240,1084,4324,0,4324
C_LBDR_property_857,2160,0,2164,0,2160,2164,4324,0,4324
C_LBDR_property_858,2160,0,2164,0,2160,2164,4324,0,4324
C_LBDR_property_859,2160,0,2164,0,2160,2164,4324,0,4324
C_LBDR_property_860,2160,0,2164,0,2160,2164,4324,0,4324
C_LBDR_property_861,2160,0,2164,0,2160,2164,4324,0,4324
C_LBDR_property_862,2160,0,2164,0,2160,2164,4324,0,4324
C_LBDR_property_863,2160,0,2164,0,2160,2164,4324,0,4324
C_LBDR_property_864,2160,0,2164,0,2160,2164,4324,0,4324
C_LBDR_property_865,2160,0,2164,0,2160,2164,4324,0,4324
C_LBDR_property_866,2160,0,2164,0,2160,2164,4324,0,4324
C_LBDR_property_867,2160,0,2164,0,2160,2164,4324,0,4324
C_LBDR_property_868,2160,0,2164,0,2160,2164,4324,0,4324
C_LBDR_property_869,2160,0,2164,0,2160,2164,4324,0,4324
C_LBDR_property_870,2160,0,2164,0,2160,2164,4324,0,4324
C_LBDR_property_871,2160,0,2164,0,2160,2164,4324,0,4324
C_LBDR_property_872,2160,0,2164,0,2160,2164,4324,0,4324
C_LBDR_property_873,2160,0,2164,0,2160,2164,4324,0,4324
C_LBDR_property_874,2160,0,2164,0,2160,2164,4324,0,4324
C_LBDR_property_875,0,0,4324,0,0,4324,4324,0,4324
C_LBDR_property_876,0,0,4324,0,0,4324,4324,0,4324
C_LBDR_property_877,0,0,4324,0,0,4324,4324,0,4324
C_LBDR_property_878,0,0,4324,0,0,4324,4324,0,4324
C_LBDR_property_879,0,0,4324,0,0,4324,4324,0,4324
C_LBDR_property_880,0,0,4324,0,0,4324,4324,0,4324
C_LBDR_property_881,0,0,4324,0,0,4324,4324,0,4324
C_LBDR_property_882,0,0,4324,0,0,4324,4324,0,4324
C_LBDR_property_883,3240,0,1084,0,3240,1084,4324,0,4324
C_LBDR_property_884,3240,0,1084,0,3240,1084,4324,0,4324
C_LBDR_property_885,0,0,4324,0,0,4324,4324,0,4324
C_LBDR_property_886,0,0,4324,0,0,4324,4324,0,4324
C_LBDR_property_887,3240,0,1084,0,3240,1084,4324,0,4324
C_LBDR_property_888,3240,0,1084,0,3240,1084,4324,0,4324
C_LBDR_property_889,3240,0,1084,0,3240,1084,4324,0,4324
C_LBDR_property_890,3240,0,1084,0,3240,1084,4324,0,4324
C_LBDR_property_891,3240,0,1084,0,3240,1084,4324,0,4324
C_LBDR_property_892,3240,0,1084,0,3240,1084,4324,0,4324
C_LBDR_property_893,3240,0,1084,0,3240,1084,4324,0,4324
C_LBDR_property_894,3240,0,1084,0,3240,1084,4324,0,4324
C_LBDR_property_895,1680,0,2644,0,1680,2644,4324,0,4324
C_LBDR_property_896,1680,0,2644,0,1680,2644,4324,0,4324
C_LBDR_property_897,1680,0,2644,0,1680,2644,4324,0,4324
C_LBDR_property_898,1680,0,2644,0,1680,2644,4324,0,4324
C_LBDR_property_899,1680,0,2644,0,1680,2644,4324,0,4324
C_LBDR_property_900,1680,0,2644,0,1680,2644,4324,0,4324
C_LBDR_property_901,1680,0,2644,0,1680,2644,4324,0,4324
C_LBDR_property_902,1680,0,2644,0,1680,2644,4324,0,4324
C_LBDR_property_903,1680,0,2644,0,1680,2644,4324,0,4324
C_LBDR_property_904,1680,0,2644,0,1680,2644,4324,0,4324
C_LBDR_property_905,1920,0,2404,0,1920,2404,4324,0,4324
C_LBDR_property_906,1920,0,2404,0,1920,2404,4324,0,4324
C_LBDR_property_907,1920,0,2404,0,1920,2404,4324,0,4324
C_LBDR_property_908,1920,0,2404,0,1920,2404,4324,0,4324
C_LBDR_property_909,1920,0,2404,0,1920,2404,4324,0,4324
C_LBDR_property_910,1920,0,2404,0,1920,2404,4324,0,4324
C_LBDR_property_911,1920,0,2404,0,1920,2404,4324,0,4324
C_LBDR_property_912,1920,0,2404,0,1920,2404,4324,0,4324
C_LBDR_property_913,1920,0,2404,0,1920,2404,4324,0,4324
C_LBDR_property_914,1920,0,2404,0,1920,2404,4324,0,4324
C_LBDR_property_915,3240,0,1084,0,3240,1084,4324,0,4324
C_LBDR_property_916,3240,0,1084,0,3240,1084,4324,0,4324
C_LBDR_property_917,3240,0,1084,0,3240,1084,4324,0,4324
C_LBDR_property_918,3240,0,1084,0,3240,1084,4324,0,4324
C_LBDR_property_919,3240,0,1084,0,3240,1084,4324,0,4324
C_LBDR_property_920,3240,0,1084,0,3240,1084,4324,0,4324
C_LBDR_property_921,3240,0,1084,0,3240,1084,4324,0,4324
C_LBDR_property_922,3240,0,1084,0,3240,1084,4324,0,4324
C_LBDR_property_923,3240,0,1084,0,3240,1084,4324,0,4324
C_LBDR_property_924,3240,0,1084,0,3240,1084,4324,0,4324
C_LBDR_property_925,1200,0,3124,0,1200,3124,4324,0,4324
C_LBDR_property_926,1200,0,3124,0,1200,3124,4324,0,4324
C_LBDR_property_927,1200,0,3124,0,1200,3124,4324,0,4324
C_LBDR_property_928,1200,0,3124,0,1200,3124,4324,0,4324
C_LBDR_property_929,1200,0,3124,0,1200,3124,4324,0,4324
C_LBDR_property_930,1200,0,3124,0,1200,3124,4324,0,4324
C_LBDR_property_931,1200,0,3124,0,1200,3124,4324,0,4324
C_LBDR_property_932,1200,0,3124,0,1200,3124,4324,0,4324
C_LBDR_property_933,1200,0,3124,0,1200,3124,4324,0,4324
C_LBDR_property_934,1200,0,3124,0,1200,3124,4324,0,4324
C_LBDR_property_935,0,0,4324,0,0,4324,4324,0,4324
C_LBDR_property_936,0,0,4324,0,0,4324,4324,0,4324
C_LBDR_property_937,0,0,4324,0,0,4324,4324,0,4324
C_LBDR_property_938,0,0,4324,0,0,4324,4324,0,4324
C_LBDR_property_939,0,0,4324,0,0,4324,4324,0,4324
C_LBDR_property_940,0,0,4324,0,0,4324,4324,0,4324
C_LBDR_property_941,0,0,4324,0,0,4324,4324,0,4324
C_LBDR_property_942,0,0,4324,0,0,4324,4324,0,4324
C_LBDR_property_943,0,0,4324,0,0,4324,4324,0,4324
C_LBDR_property_944,0,0,4324,0,0,4324,4324,0,4324
C_LBDR_property_945,2148,0,2176,0,2148,2176,4324,0,4324
C_LBDR_property_946,2148,0,2176,0,2148,2176,4324,0,4324
C_LBDR_property_947,2148,0,2176,0,2148,2176,4324,0,4324
C_LBDR_property_948,2148,0,2176,0,2148,2176,4324,0,4324
C_LBDR_property_949,2148,0,2176,0,2148,2176,4324,0,4324
C_LBDR_property_950,2148,0,2176,0,2148,2176,4324,0,4324
C_LBDR_property_951,2148,0,2176,0,2148,2176,4324,0,4324
C_LBDR_property_952,2148,0,2176,0,2148,2176,4324,0,4324
C_LBDR_property_953,2148,0,2176,0,2148,2176,4324,0,4324
C_LBDR_property_954,2148,0,2176,0,2148,2176,4324,0,4324
C_LBDR_property_955,0,0,4324,0,0,4324,4324,0,4324
C_LBDR_property_956,0,0,4324,0,0,4324,4324,0,4324
C_LBDR_property_957,0,0,4324,0,0,4324,4324,0,4324
C_LBDR_property_958,0,0,4324,0,0,4324,4324,0,4324
C_LBDR_property_959,0,0,4324,0,0,4324,4324,0,4324
C_LBDR_property_960,0,0,4324,0,0,4324,4324,0,4324
C_LBDR_property_961,0,0,4324,0,0,4324,4324,0,4324
C_LBDR_property_962,0,0,4324,0,0,4324,4324,0,4324
C_LBDR_property_963,0,0,4324,0,0,4324,4324,0,4324
C_LBDR_property_964,0,0,4324,0,0,4324,4324,0,4324
C_LBDR_property_965,2160,0,2164,0,2160,2164,4324,0,4324
C_LBDR_property_966,2160,0,2164,0,2160,2164,4324,0,4324
C_LBDR_property_967,2160,0,2164,0,2160,2164,4324,0,4324
C_LBDR_property_968,2160,0,2164,0,2160,2164,4324,0,4324
C_LBDR_property_969,2160,0,2164,0,2160,2164,4324,0,4324
C_LBDR_property_970,2160,0,2164,0,2160,2164,4324,0,4324
C_LBDR_property_971,2160,0,2164,0,2160,2164,4324,0,4324
C_LBDR_property_972,2160,0,2164,0,2160,2164,4324,0,4324
C_LBDR_property_973,2160,0,2164,0,2160,2164,4324,0,4324
C_LBDR_property_974,2160,0,2164,0,2160,2164,4324,0,4324
C_LBDR_property_975,4324,0,0,0,4324,0,4324,0,4324
C_LBDR_property_976,3,0,3361,960,3,4321,3364,960,4324
C_LBDR_property_977,722,0,2642,960,722,3602,3364,960,4324
C_LBDR_property_978,722,0,2642,960,722,3602,3364,960,4324
C_LBDR_property_979,3,0,3361,960,3,4321,3364,960,4324
C_LBDR_property_980,3,0,3361,960,3,4321,3364,960,4324
C_LBDR_property_981,3,0,3361,960,3,4321,3364,960,4324
C_LBDR_property_982,3,0,3361,960,3,4321,3364,960,4324
C_LBDR_property_983,722,0,2642,960,722,3602,3364,960,4324
C_LBDR_property_984,722,0,2642,960,722,3602,3364,960,4324
C_LBDR_property_985,183,0,3181,960,183,4141,3364,960,4324
C_LBDR_property_986,182,0,3182,960,182,4142,3364,960,4324
C_LBDR_property_987,183,0,3181,960,183,4141,3364,960,4324
C_LBDR_property_988,182,0,3182,960,182,4142,3364,960,4324
C_LBDR_property_989,722,0,2642,960,722,3602,3364,960,4324
C_LBDR_property_990,722,0,2642,960,722,3602,3364,960,4324
C_LBDR_property_991,483,0,2881,960,483,3841,3364,960,4324
C_LBDR_property_992,383,0,2981,960,383,3941,3364,960,4324
C_LBDR_property_993,383,0,2981,960,383,3941,3364,960,4324
C_LBDR_property_994,404,0,2960,960,404,3920,3364,960,4324
C_LBDR_property_995,317,0,3047,960,317,4007,3364,960,4324
C_LBDR_property_996,363,0,3001,960,363,3961,3364,960,4324
C_LBDR_property_997,363,0,3001,960,363,3961,3364,960,4324
C_LBDR_property_998,363,0,3001,960,363,3961,3364,960,4324
C_LBDR_property_999,363,0,3001,960,363,3961,3364,960,4324
C_LBDR_property_1000,3,0,4081,240,3,4321,4084,240,4324
C_LBDR_property_1001,722,0,3362,240,722,3602,4084,240,4324
C_LBDR_property_1002,722,0,3362,240,722,3602,4084,240,4324
C_LBDR_property_1003,3,0,4081,240,3,4321,4084,240,4324
C_LBDR_property_1004,3,0,4081,240,3,4321,4084,240,4324
C_LBDR_property_1005,3,0,4081,240,3,4321,4084,240,4324
C_LBDR_property_1006,3,0,4081,240,3,4321,4084,240,4324
C_LBDR_property_1007,722,0,3362,240,722,3602,4084,240,4324
C_LBDR_property_1008,722,0,3362,240,722,3602,4084,240,4324
C_LBDR_property_1009,183,0,3901,240,183,4141,4084,240,4324
C_LBDR_property_1010,182,0,3902,240,182,4142,4084,240,4324
C_LBDR_property_1011,183,0,3901,240,183,4141,4084,240,4324
C_LBDR_property_1012,182,0,3902,240,182,4142,4084,240,4324
C_LBDR_property_1013,722,0,3362,240,722,3602,4084,240,4324
C_LBDR_property_1014,722,0,3362,240,722,3602,4084,240,4324
C_LBDR_property_1015,483,0,3601,240,483,3841,4084,240,4324
C_LBDR_property_1016,383,0,3701,240,383,3941,4084,240,4324
C_LBDR_property_1017,383,0,3701,240,383,3941,4084,240,4324
C_LBDR_property_1018,404,0,3680,240,404,3920,4084,240,4324
C_LBDR_property_1019,317,0,3767,240,317,4007,4084,240,4324
C_LBDR_property_1020,363,0,3721,240,363,3961,4084,240,4324
C_LBDR_property_1021,363,0,3721,240,363,3961,4084,240,4324
C_LBDR_property_1022,363,0,3721,240,363,3961,4084,240,4324
C_LBDR_property_1023,363,0,3721,240,363,3961,4084,240,4324
C_LBDR_property_1024,3,0,3361,960,3,4321,3364,960,4324
C_LBDR_property_1025,722,0,2642,960,722,3602,3364,960,4324
C_LBDR_property_1026,722,0,2642,960,722,3602,3364,960,4324
C_LBDR_property_1027,3,0,3361,960,3,4321,3364,960,4324
C_LBDR_property_1028,3,0,3361,960,3,4321,3364,960,4324
C_LBDR_property_1029,3,0,3361,960,3,4321,3364,960,4324
C_LBDR_property_1030,3,0,3361,960,3,4321,3364,960,4324
C_LBDR_property_1031,722,0,2642,960,722,3602,3364,960,4324
C_LBDR_property_1032,722,0,2642,960,722,3602,3364,960,4324
C_LBDR_property_1033,183,0,3181,960,183,4141,3364,960,4324
C_LBDR_property_1034,182,0,3182,960,182,4142,3364,960,4324
C_LBDR_property_1035,183,0,3181,960,183,4141,3364,960,4324
C_LBDR_property_1036,182,0,3182,960,182,4142,3364,960,4324
C_LBDR_property_1037,722,0,2642,960,722,3602,3364,960,4324
C_LBDR_property_1038,722,0,2642,960,722,3602,3364,960,4324
C_LBDR_property_1039,483,0,2881,960,483,3841,3364,960,4324
C_LBDR_property_1040,383,0,2981,960,383,3941,3364,960,4324
C_LBDR_property_1041,383,0,2981,960,383,3941,3364,960,4324
C_LBDR_property_1042,404,0,2960,960,404,3920,3364,960,4324
C_LBDR_property_1043,317,0,3047,960,317,4007,3364,960,4324
C_LBDR_property_1044,363,0,3001,960,363,3961,3364,960,4324
C_LBDR_property_1045,363,0,3001,960,363,3961,3364,960,4324
C_LBDR_property_1046,363,0,3001,960,363,3961,3364,960,4324
C_LBDR_property_1047,363,0,3001,960,363,3961,3364,960,4324
C_LBDR_property_1048,3,0,4321,0,3,4321,4324,0,4324
C_LBDR_property_1049,722,0,3602,0,722,3602,4324,0,4324
C_LBDR_property_1050,722,0,3602,0,722,3602,4324,0,4324
C_LBDR_property_1051,3,0,4321,0,3,4321,4324,0,4324
C_LBDR_property_1052,3,0,4321,0,3,4321,4324,0,4324
C_LBDR_property_1053,3,0,4321,0,3,4321,4324,0,4324
C_LBDR_property_1054,3,0,4321,0,3,4321,4324,0,4324
C_LBDR_property_1055,722,0,3602,0,722,3602,4324,0,4324
C_LBDR_property_1056,722,0,3602,0,722,3602,4324,0,4324
C_LBDR_property_1057,183,0,4141,0,183,4141,4324,0,4324
C_LBDR_property_1058,182,0,4142,0,182,4142,4324,0,4324
C_LBDR_property_1059,183,0,4141,0,183,4141,4324,0,4324
C_LBDR_property_1060,182,0,4142,0,182,4142,4324,0,4324
C_LBDR_property_1061,722,0,3602,0,722,3602,4324,0,4324
C_LBDR_property_1062,722,0,3602,0,722,3602,4324,0,4324
C_LBDR_property_1063,483,0,3841,0,483,3841,4324,0,4324
C_LBDR_property_1064,383,0,3941,0,383,3941,4324,0,4324
C_LBDR_property_1065,383,0,3941,0,383,3941,4324,0,4324
C_LBDR_property_1066,404,0,3920,0,404,3920,4324,0,4324
C_LBDR_property_1067,317,0,4007,0,317,4007,4324,0,4324
C_LBDR_property_1068,363,0,3961,0,363,3961,4324,0,4324
C_LBDR_property_1069,363,0,3961,0,363,3961,4324,0,4324
C_LBDR_property_1070,363,0,3961,0,363,3961,4324,0,4324
C_LBDR_property_1071,363,0,3961,0,363,3961,4324,0,4324
C_LBDR_property_1072,2164,0,2160,0,2164,2160,4324,0,4324
C_LBDR_property_1073,2164,0,2160,0,2164,2160,4324,0,4324
C_LBDR_property_1074,3604,0,720,0,3604,720,4324,0,4324
C_LBDR_property_1075,3,0,4081,240,3,4321,4084,240,4324
C_LBDR_property_1076,722,0,3362,240,722,3602,4084,240,4324
C_LBDR_property_1077,722,0,3362,240,722,3602,4084,240,4324
C_LBDR_property_1078,3,0,4081,240,3,4321,4084,240,4324
C_LBDR_property_1079,3,0,4081,240,3,4321,4084,240,4324
C_LBDR_property_1080,3,0,4081,240,3,4321,4084,240,4324
C_LBDR_property_1081,3,0,4081,240,3,4321,4084,240,4324
C_LBDR_property_1082,722,0,3362,240,722,3602,4084,240,4324
C_LBDR_property_1083,722,0,3362,240,722,3602,4084,240,4324
C_LBDR_property_1084,183,0,3901,240,183,4141,4084,240,4324
C_LBDR_property_1085,182,0,3902,240,182,4142,4084,240,4324
C_LBDR_property_1086,183,0,3901,240,183,4141,4084,240,4324
C_LBDR_property_1087,182,0,3902,240,182,4142,4084,240,4324
C_LBDR_property_1088,722,0,3362,240,722,3602,4084,240,4324
C_LBDR_property_1089,722,0,3362,240,722,3602,4084,240,4324
C_LBDR_property_1090,483,0,3601,240,483,3841,4084,240,4324
C_LBDR_property_1091,383,0,3701,240,383,3941,4084,240,4324
C_LBDR_property_1092,383,0,3701,240,383,3941,4084,240,4324
C_LBDR_property_1093,404,0,3680,240,404,3920,4084,240,4324
C_LBDR_property_1094,317,0,3767,240,317,4007,4084,240,4324
C_LBDR_property_1095,363,0,3721,240,363,3961,4084,240,4324
C_LBDR_property_1096,363,0,3721,240,363,3961,4084,240,4324
C_LBDR_property_1097,363,0,3721,240,363,3961,4084,240,4324
C_LBDR_property_1098,363,0,3721,240,363,3961,4084,240,4324
C_LBDR_property_1099,2160,0,2164,0,2160,2164,4324,0,4324
C_LBDR_property_1100,2160,0,2164,0,2160,2164,4324,0,4324
C_LBDR_property_1101,0,0,4324,0,0,4324,4324,0,4324
C_LBDR_property_1102,0,0,4324,0,0,4324,4324,0,4324
C_LBDR_property_1103,2148,0,2176,0,2148,2176,4324,0,4324
C_LBDR_property_1104,2148,0,2176,0,2148,2176,4324,0,4324
C_LBDR_property_1105,1200,0,3124,0,1200,3124,4324,0,4324
C_LBDR_property_1106,1200,0,3124,0,1200,3124,4324,0,4324
C_LBDR_property_1107,0,0,4324,0,0,4324,4324,0,4324
C_LBDR_property_1108,0,0,4324,0,0,4324,4324,0,4324
C_LBDR_property_1109,3240,0,1084,0,3240,1084,4324,0,4324
C_LBDR_property_1110,3240,0,1084,0,3240,1084,4324,0,4324
C_LBDR_property_1111,1920,0,2404,0,1920,2404,4324,0,4324
C_LBDR_property_1112,1920,0,2404,0,1920,2404,4324,0,4324
C_LBDR_property_1113,1680,0,2644,0,1680,2644,4324,0,4324
C_LBDR_property_1114,1680,0,2644,0,1680,2644,4324,0,4324
C_LBDR_property_1115,4,0,4320,0,4,4320,4324,0,4324
C_LBDR_property_1116,2291,0,2033,0,2291,2033,4324,0,4324
C_LBDR_property_1117,2291,0,2033,0,2291,2033,4324,0,4324
C_LBDR_property_1118,3240,0,1084,0,3240,1084,4324,0,4324
C_LBDR_property_1119,3240,0,1084,0,3240,1084,4324,0,4324
C_LBDR_property_1120,0,0,4324,0,0,4324,4324,0,4324
C_LBDR_property_1121,0,0,4324,0,0,4324,4324,0,4324
C_LBDR_property_1122,2160,0,2164,0,2160,2164,4324,0,4324
C_LBDR_property_1123,2160,0,2164,0,2160,2164,4324,0,4324
C_LBDR_property_1124,3240,0,1084,0,3240,1084,4324,0,4324
C_LBDR_property_1125,3240,0,1084,0,3240,1084,4324,0,4324
C_LBDR_property_1126,2160,0,2164,0,2160,2164,4324,0,4324
C_LBDR_property_1127,2160,0,2164,0,2160,2164,4324,0,4324
C_LBDR_property_1128,722,0,3602,0,722,3602,4324,0,4324
C_LBDR_property_1129,722,0,3602,0,722,3602,4324,0,4324
C_LBDR_property_1130,722,0,3602,0,722,3602,4324,0,4324
C_LBDR_property_1131,722,0,3602,0,722,3602,4324,0,4324
C_LBDR_property_1132,3240,0,1084,0,3240,1084,4324,0,4324
C_LBDR_property_1133,3240,0,1084,0,3240,1084,4324,0,4324
C_LBDR_property_1134,0,0,4324,0,0,4324,4324,0,4324
C_LBDR_property_1135,0,0,4324,0,0,4324,4324,0,4324
C_LBDR_property_1136,720,0,3604,0,720,3604,4324,0,4324
C_LBDR_property_1137,720,0,3604,0,720,3604,4324,0,4324
C_LBDR_property_1138,4320,0,4,0,4320,4,4324,0,4324
C_LBDR_property_1139,4320,0,4,0,4320,4,4324,0,4324
C_LBDR_property_1140,2072,0,2252,0,2072,2252,4324,0,4324
C_LBDR_property_1141,2072,0,2252,0,2072,2252,4324,0,4324
C_LBDR_property_1142,2160,0,2164,0,2160,2164,4324,0,4324
C_LBDR_property_1143,2160,0,2164,0,2160,2164,4324,0,4324
C_LBDR_property_1144,3602,0,722,0,3602,722,4324,0,4324
C_LBDR_property_1145,4320,0,4,0,4320,4,4324,0,4324
C_LBDR_property_1146,4320,0,4,0,4320,4,4324,0,4324
C_LBDR_property_1147,4320,0,4,0,4320,4,4324,0,4324
C_LBDR_property_1148,4320,0,4,0,4320,4,4324,0,4324
C_LBDR_property_1149,2164,0,2160,0,2164,2160,4324,0,4324
C_LBDR_property_1150,2164,0,2160,0,2164,2160,4324,0,4324
C_LBDR_property_1151,2164,0,2160,0,2164,2160,4324,0,4324
C_LBDR_property_1152,2164,0,2160,0,2164,2160,4324,0,4324
C_LBDR_property_1153,2164,0,2160,0,2164,2160,4324,0,4324
C_LBDR_property_1154,2164,0,2160,0,2164,2160,4324,0,4324
C_LBDR_property_1155,2164,0,2160,0,2164,2160,4324,0,4324
C_LBDR_property_1156,2164,0,2160,0,2164,2160,4324,0,4324
C_LBDR_property_1157,2164,0,2160,0,2164,2160,4324,0,4324
C_LBDR_property_1158,2164,0,2160,0,2164,2160,4324,0,4324
C_LBDR_property_1159,2164,0,2160,0,2164,2160,4324,0,4324
C_LBDR_property_1160,2164,0,2160,0,2164,2160,4324,0,4324
C_LBDR_property_1161,2164,0,2160,0,2164,2160,4324,0,4324
C_LBDR_property_1162,2033,0,2291,0,2033,2291,4324,0,4324
C_LBDR_property_1163,2033,0,2291,0,2033,2291,4324,0,4324
C_LBDR_property_1164,2033,0,2291,0,2033,2291,4324,0,4324
C_LBDR_property_1165,2033,0,2291,0,2033,2291,4324,0,4324
C_LBDR_property_1166,2033,0,2291,0,2033,2291,4324,0,4324
C_LBDR_property_1167,2252,0,2072,0,2252,2072,4324,0,4324
C_LBDR_property_1168,2252,0,2072,0,2252,2072,4324,0,4324
C_LBDR_property_1169,2252,0,2072,0,2252,2072,4324,0,4324
C_LBDR_property_1170,2252,0,2072,0,2252,2072,4324,0,4324
C_LBDR_property_1171,2250,0,2074,0,2250,2074,4324,0,4324
C_LBDR_property_1172,2250,0,2074,0,2250,2074,4324,0,4324
C_LBDR_property_1173,2250,0,2074,0,2250,2074,4324,0,4324
C_LBDR_property_1174,2250,0,2074,0,2250,2074,4324,0,4324
C_LBDR_property_1175,2250,0,2074,0,2250,2074,4324,0,4324
C_LBDR_property_1176,2176,0,2148,0,2176,2148,4324,0,4324
C_LBDR_property_1177,2176,0,2148,0,2176,2148,4324,0,4324
C_LBDR_property_1178,2176,0,2148,0,2176,2148,4324,0,4324
C_LBDR_property_1179,2176,0,2148,0,2176,2148,4324,0,4324
C_LBDR_property_1180,2176,0,2148,0,2176,2148,4324,0,4324
C_LBDR_property_1181,3604,0,720,0,3604,720,4324,0,4324
C_LBDR_property_1182,3604,0,720,0,3604,720,4324,0,4324
C_LBDR_property_1183,3604,0,720,0,3604,720,4324,0,4324
C_LBDR_property_1184,3604,0,720,0,3604,720,4324,0,4324
C_LBDR_property_1185,2644,0,1680,0,2644,1680,4324,0,4324
C_LBDR_property_1186,2644,0,1680,0,2644,1680,4324,0,4324
C_LBDR_property_1187,2644,0,1680,0,2644,1680,4324,0,4324
C_LBDR_property_1188,2644,0,1680,0,2644,1680,4324,0,4324
C_LBDR_property_1189,3124,0,1200,0,3124,1200,4324,0,4324
C_LBDR_property_1190,3124,0,1200,0,3124,1200,4324,0,4324
C_LBDR_property_1191,3124,0,1200,0,3124,1200,4324,0,4324
C_LBDR_property_1192,3124,0,1200,0,3124,1200,4324,0,4324
C_LBDR_property_1193,3124,0,1200,0,3124,1200,4324,0,4324
C_LBDR_property_1194,1084,0,3240,0,1084,3240,4324,0,4324
C_LBDR_property_1195,1084,0,3240,0,1084,3240,4324,0,4324
C_LBDR_property_1196,1084,0,3240,0,1084,3240,4324,0,4324
C_LBDR_property_1197,1084,0,3240,0,1084,3240,4324,0,4324
C_LBDR_property_1198,1084,0,3240,0,1084,3240,4324,0,4324
C_LBDR_property_1199,1084,0,3240,0,1084,3240,4324,0,4324
C_LBDR_property_1200,1084,0,3240,0,1084,3240,4324,0,4324
C_LBDR_property_1201,1084,0,3240,0,1084,3240,4324,0,4324
C_LBDR_property_1202,1084,0,3240,0,1084,3240,4324,0,4324
C_LBDR_property_1203,1084,0,3240,0,1084,3240,4324,0,4324
C_LBDR_property_1204,1084,0,3240,0,1084,3240,4324,0,4324
C_LBDR_property_1205,1084,0,3240,0,1084,3240,4324,0,4324
C_LBDR_property_1206,1084,0,3240,0,1084,3240,4324,0,4324
C_LBDR_property_1207,1084,0,3240,0,1084,3240,4324,0,4324
C_LBDR_property_1208,1084,0,3240,0,1084,3240,4324,0,4324
C_LBDR_property_1209,1084,0,3240,0,1084,3240,4324,0,4324
C_LBDR_property_1210,1084,0,3240,0,1084,3240,4324,0,4324
C_LBDR_property_1211,1084,0,3240,0,1084,3240,4324,0,4324
C_LBDR_property_1212,4324,0,0,0,4324,0,4324,0,4324
C_LBDR_property_1213,4324,0,0,0,4324,0,4324,0,4324
C_LBDR_property_1214,4324,0,0,0,4324,0,4324,0,4324
C_LBDR_property_1215,4324,0,0,0,4324,0,4324,0,4324
C_LBDR_property_1216,4324,0,0,0,4324,0,4324,0,4324
C_LBDR_property_1217,4324,0,0,0,4324,0,4324,0,4324
C_LBDR_property_1218,4324,0,0,0,4324,0,4324,0,4324
C_LBDR_property_1219,4324,0,0,0,4324,0,4324,0,4324
C_LBDR_property_1220,4324,0,0,0,4324,0,4324,0,4324
C_LBDR_property_1221,4,0,4320,0,4,4320,4324,0,4324
C_LBDR_property_1222,4,0,4320,0,4,4320,4324,0,4324
C_LBDR_property_1223,4,0,4320,0,4,4320,4324,0,4324
C_LBDR_property_1224,4,0,4320,0,4,4320,4324,0,4324
C_LBDR_property_1225,4,0,4320,0,4,4320,4324,0,4324
C_LBDR_property_1226,4,0,4320,0,4,4320,4324,0,4324
C_LBDR_property_1227,4,0,4320,0,4,4320,4324,0,4324
C_LBDR_property_1228,4,0,4320,0,4,4320,4324,0,4324
C_LBDR_property_1229,4,0,4320,0,4,4320,4324,0,4324
C_LBDR_property_1230,4,0,4320,0,4,4320,4324,0,4324
C_LBDR_property_1231,4,0,4320,0,4,4320,4324,0,4324
C_LBDR_property_1232,4,0,4320,0,4,4320,4324,0,4324
C_LBDR_property_1233,4,0,4320,0,4,4320,4324,0,4324
C_LBDR_property_1234,4,0,4320,0,4,4320,4324,0,4324
C_LBDR_property_1235,4,0,4320,0,4,4320,4324,0,4324
C_LBDR_property_1236,4,0,4320,0,4,4320,4324,0,4324
C_LBDR_property_1237,4,0,4320,0,4,4320,4324,0,4324
C_LBDR_property_1238,4324,0,0,0,4324,0,4324,0,4324
C_LBDR_property_1239,4324,0,0,0,4324,0,4324,0,4324
C_LBDR_property_1240,4324,0,0,0,4324,0,4324,0,4324
C_LBDR_property_1241,4324,0,0,0,4324,0,4324,0,4324
C_LBDR_property_1242,4324,0,0,0,4324,0,4324,0,4324
C_LBDR_property_1243,4324,0,0,0,4324,0,4324,0,4324
C_LBDR_property_1244,4324,0,0,0,4324,0,4324,0,4324
C_LBDR_property_1245,4324,0,0,0,4324,0,4324,0,4324
C_LBDR_property_1246,4324,0,0,0,4324,0,4324,0,4324
C_LBDR_property_1247,2404,0,1920,0,2404,1920,4324,0,4324
C_LBDR_property_1248,2404,0,1920,0,2404,1920,4324,0,4324
C_LBDR_property_1249,2404,0,1920,0,2404,1920,4324,0,4324
C_LBDR_property_1250,2404,0,1920,0,2404,1920,4324,0,4324
C_LBDR_property_1251,3602,0,722,0,3602,722,4324,0,4324
C_LBDR_property_1252,3602,0,722,0,3602,722,4324,0,4324
C_LBDR_property_1253,3602,0,722,0,3602,722,4324,0,4324
C_LBDR_property_1254,3602,0,722,0,3602,722,4324,0,4324
C_LBDR_property_1255,3602,0,722,0,3602,722,4324,0,4324
C_LBDR_property_1256,2164,0,2160,0,2164,2160,4324,0,4324
C_LBDR_property_1257,2164,0,2160,0,2164,2160,4324,0,4324
C_LBDR_property_1258,2404,0,1920,0,2404,1920,4324,0,4324
C_LBDR_property_1259,2164,0,2160,0,2164,2160,4324,0,4324
C_LBDR_property_1260,4,0,4320,0,4,4320,4324,0,4324
C_LBDR_property_1261,4,0,4320,0,4,4320,4324,0,4324
C_LBDR_property_1262,2164,0,2160,0,2164,2160,4324,0,4324
C_LBDR_property_1263,2164,0,2160,0,2164,2160,4324,0,4324
C_LBDR_property_1264,4324,0,0,0,4324,0,4324,0,4324
C_LBDR_property_1265,2252,0,2072,0,2252,2072,4324,0,4324
C_LBDR_property_1266,1084,0,3240,0,1084,3240,4324,0,4324
C_LBDR_property_1267,1084,0,3240,0,1084,3240,4324,0,4324
C_LBDR_property_1268,2644,0,1680,0,2644,1680,4324,0,4324
C_LBDR_property_1269,2164,0,2160,0,2164,2160,4324,0,4324
C_LBDR_property_1270,0,2164,0,2160,2164,2160,0,4324,4324
C_LBDR_property_1271,2164,0,2160,0,2164,2160,4324,0,4324
C_LBDR_property_1272,2164,0,2160,0,2164,2160,4324,0,4324
C_LBDR_property_1273,2164,0,2160,0,2164,2160,4324,0,4324
C_LBDR_property_1274,0,2164,0,2160,2164,2160,0,4324,4324
C_LBDR_property_1275,2250,0,2074,0,2250,2074,4324,0,4324
C_LBDR_property_1276,2250,0,2074,0,2250,2074,4324,0,4324
C_LBDR_property_1277,2176,0,2148,0,2176,2148,4324,0,4324
C_LBDR_property_1278,2176,0,2148,0,2176,2148,4324,0,4324
C_LBDR_property_1279,4,0,4320,0,4,4320,4324,0,4324
C_LBDR_property_1280,4,0,4320,0,4,4320,4324,0,4324
C_LBDR_property_1281,2164,0,2160,0,2164,2160,4324,0,4324
C_LBDR_property_1282,2164,0,2160,0,2164,2160,4324,0,4324
C_LBDR_property_1283,2164,0,2160,0,2164,2160,4324,0,4324
C_LBDR_property_1284,2164,0,2160,0,2164,2160,4324,0,4324
C_LBDR_property_1285,2164,0,2160,0,2164,2160,4324,0,4324
C_LBDR_property_1286,2164,0,2160,0,2164,2160,4324,0,4324
C_LBDR_property_1287,4,0,4320,0,4,4320,4324,0,4324
C_LBDR_property_1288,4,0,4320,0,4,4320,4324,0,4324
C_LBDR_property_1289,4324,0,0,0,4324,0,4324,0,4324
C_LBDR_property_1290,4324,0,0,0,4324,0,4324,0,4324
C_LBDR_property_1291,4324,0,0,0,4324,0,4324,0,4324
C_LBDR_property_1292,4324,0,0,0,4324,0,4324,0,4324
C_LBDR_property_1293,4324,0,0,0,4324,0,4324,0,4324
C_LBDR_property_1294,4324,0,0,0,4324,0,4324,0,4324
C_LBDR_property_1295,4324,0,0,0,4324,0,4324,0,4324
C_LBDR_property_1296,4324,0,0,0,4324,0,4324,0,4324
C_LBDR_property_1297,4324,0,0,0,4324,0,4324,0,4324
C_LBDR_property_1298,4324,0,0,0,4324,0,4324,0,4324
C_LBDR_property_1299,4,0,4320,0,4,4320,4324,0,4324
C_LBDR_property_1300,4,0,4320,0,4,4320,4324,0,4324
C_LBDR_property_1301,4,0,4320,0,4,4320,4324,0,4324
C_LBDR_property_1302,4,0,4320,0,4,4320,4324,0,4324
C_LBDR_property_1303,4,0,4320,0,4,4320,4324,0,4324
C_LBDR_property_1304,4,0,4320,0,4,4320,4324,0,4324
C_LBDR_property_1305,4,0,4320,0,4,4320,4324,0,4324
C_LBDR_property_1306,4,0,4320,0,4,4320,4324,0,4324
C_LBDR_property_1307,4,0,4320,0,4,4320,4324,0,4324
C_LBDR_property_1308,4,0,4320,0,4,4320,4324,0,4324
C_LBDR_property_1309,4,0,4320,0,4,4320,4324,0,4324
C_LBDR_property_1310,4,0,4320,0,4,4320,4324,0,4324
C_LBDR_property_1311,4324,0,0,0,4324,0,4324,0,4324
C_LBDR_property_1312,4324,0,0,0,4324,0,4324,0,4324
C_LBDR_property_1313,4324,0,0,0,4324,0,4324,0,4324
C_LBDR_property_1314,4324,0,0,0,4324,0,4324,0,4324
C_LBDR_property_1315,2404,0,1920,0,2404,1920,4324,0,4324
C_LBDR_property_1316,2404,0,1920,0,2404,1920,4324,0,4324
C_LBDR_property_1317,2404,0,1920,0,2404,1920,4324,0,4324
C_LBDR_property_1318,2404,0,1920,0,2404,1920,4324,0,4324
C_LBDR_property_1319,1084,0,3240,0,1084,3240,4324,0,4324
C_LBDR_property_1320,1084,0,3240,0,1084,3240,4324,0,4324
C_LBDR_property_1321,1084,0,3240,0,1084,3240,4324,0,4324
C_LBDR_property_1322,1084,0,3240,0,1084,3240,4324,0,4324
C_LBDR_property_1323,1084,0,3240,0,1084,3240,4324,0,4324
C_LBDR_property_1324,1084,0,3240,0,1084,3240,4324,0,4324
C_LBDR_property_1325,2644,0,1680,0,2644,1680,4324,0,4324
C_LBDR_property_1326,2644,0,1680,0,2644,1680,4324,0,4324
C_LBDR_property_1327,2644,0,1680,0,2644,1680,4324,0,4324
C_LBDR_property_1328,2644,0,1680,0,2644,1680,4324,0,4324
C_LBDR_property_1329,4,0,4320,0,4,4320,4324,0,4324
C_LBDR_property_1330,4,0,4320,0,4,4320,4324,0,4324
C_LBDR_property_1331,4,0,4320,0,4,4320,4324,0,4324
C_LBDR_property_1332,4,0,4320,0,4,4320,4324,0,4324
C_LBDR_property_1333,4324,0,0,0,4324,0,4324,0,4324
C_LBDR_property_1334,4324,0,0,0,4324,0,4324,0,4324
C_LBDR_property_1335,4,0,4320,0,4,4320,4324,0,4324
C_LBDR_property_1336,4,0,4320,0,4,4320,4324,0,4324
C_LBDR_property_1337,4324,0,0,0,4324,0,4324,0,4324
C_LBDR_property_1338,4324,0,0,0,4324,0,4324,0,4324
C_LBDR_property_1339,1084,0,3240,0,1084,3240,4324,0,4324
C_LBDR_property_1340,1084,0,3240,0,1084,3240,4324,0,4324
C_LBDR_property_1341,1084,0,3240,0,1084,3240,4324,0,4324
C_LBDR_property_1342,1084,0,3240,0,1084,3240,4324,0,4324
C_LBDR_property_1343,3124,0,1200,0,3124,1200,4324,0,4324
C_LBDR_property_1344,3124,0,1200,0,3124,1200,4324,0,4324
C_LBDR_property_1345,1084,0,3240,0,1084,3240,4324,0,4324
C_LBDR_property_1346,1084,0,3240,0,1084,3240,4324,0,4324
C_LBDR_property_1347,1084,0,3240,0,1084,3240,4324,0,4324
C_LBDR_property_1348,1084,0,3240,0,1084,3240,4324,0,4324
C_LBDR_property_1349,1084,0,3240,0,1084,3240,4324,0,4324
C_LBDR_property_1350,1084,0,3240,0,1084,3240,4324,0,4324
C_LBDR_property_1351,1084,0,3240,0,1084,3240,4324,0,4324
C_LBDR_property_1352,1084,0,3240,0,1084,3240,4324,0,4324
C_LBDR_property_1353,2164,0,2160,0,2164,2160,4324,0,4324
C_LBDR_property_1354,2164,0,2160,0,2164,2160,4324,0,4324
C_LBDR_property_1355,2164,0,2160,0,2164,2160,4324,0,4324
C_LBDR_property_1356,2164,0,2160,0,2164,2160,4324,0,4324
C_LBDR_property_1357,2164,0,2160,0,2164,2160,4324,0,4324
C_LBDR_property_1358,2164,0,2160,0,2164,2160,4324,0,4324
C_LBDR_property_1359,2164,0,2160,0,2164,2160,4324,0,4324
C_LBDR_property_1360,2164,0,2160,0,2164,2160,4324,0,4324
C_LBDR_property_1361,4324,0,0,0,4324,0,4324,0,4324
C_LBDR_property_1362,4324,0,0,0,4324,0,4324,0,4324
C_LBDR_property_1363,3602,0,722,0,3602,722,4324,0,4324
C_LBDR_property_1364,3602,0,722,0,3602,722,4324,0,4324
C_LBDR_property_1365,2164,0,2160,0,2164,2160,4324,0,4324
C_LBDR_property_1366,2164,0,2160,0,2164,2160,4324,0,4324
C_LBDR_property_1367,2164,0,2160,0,2164,2160,4324,0,4324
C_LBDR_property_1368,2164,0,2160,0,2164,2160,4324,0,4324
C_LBDR_property_1369,2164,0,2160,0,2164,2160,4324,0,4324
C_LBDR_property_1370,2164,0,2160,0,2164,2160,4324,0,4324
C_LBDR_property_1371,2164,0,2160,0,2164,2160,4324,0,4324
C_LBDR_property_1372,2164,0,2160,0,2164,2160,4324,0,4324
C_LBDR_property_1373,2164,0,2160,0,2164,2160,4324,0,4324
C_LBDR_property_1374,2164,0,2160,0,2164,2160,4324,0,4324
C_LBDR_property_1375,4,0,4320,0,4,4320,4324,0,4324
C_LBDR_property_1376,4,0,4320,0,4,4320,4324,0,4324
C_LBDR_property_1377,4,0,4320,0,4,4320,4324,0,4324
C_LBDR_property_1378,4,0,4320,0,4,4320,4324,0,4324
C_LBDR_property_1379,4,0,4320,0,4,4320,4324,0,4324
C_LBDR_property_1380,4,0,4320,0,4,4320,4324,0,4324
C_LBDR_property_1381,4,0,4320,0,4,4320,4324,0,4324
C_LBDR_property_1382,4,0,4320,0,4,4320,4324,0,4324
C_LBDR_property_1383,4,0,4320,0,4,4320,4324,0,4324
C_LBDR_property_1384,4,0,4320,0,4,4320,4324,0,4324
C_LBDR_property_1385,4,0,4320,0,4,4320,4324,0,4324
C_LBDR_property_1386,4,0,4320,0,4,4320,4324,0,4324
C_LBDR_property_1387,4,0,4320,0,4,4320,4324,0,4324
C_LBDR_property_1388,4,0,4320,0,4,4320,4324,0,4324
C_LBDR_property_1389,4324,0,0,0,4324,0,4324,0,4324
C_LBDR_property_1390,4324,0,0,0,4324,0,4324,0,4324
C_LBDR_property_1391,4324,0,0,0,4324,0,4324,0,4324
C_LBDR_property_1392,4324,0,0,0,4324,0,4324,0,4324
C_LBDR_property_1393,4324,0,0,0,4324,0,4324,0,4324
C_LBDR_property_1394,4324,0,0,0,4324,0,4324,0,4324
C_LBDR_property_1395,4324,0,0,0,4324,0,4324,0,4324
C_LBDR_property_1396,4324,0,0,0,4324,0,4324,0,4324
C_LBDR_property_1397,4,0,4320,0,4,4320,4324,0,4324
C_LBDR_property_1398,4,0,4320,0,4,4320,4324,0,4324
C_LBDR_property_1399,4,0,4320,0,4,4320,4324,0,4324
C_LBDR_property_1400,4,0,4320,0,4,4320,4324,0,4324
C_LBDR_property_1401,4,0,4320,0,4,4320,4324,0,4324
C_LBDR_property_1402,4,0,4320,0,4,4320,4324,0,4324
C_LBDR_property_1403,4324,0,0,0,4324,0,4324,0,4324
C_LBDR_property_1404,4324,0,0,0,4324,0,4324,0,4324
C_LBDR_property_1405,4,0,4320,0,4,4320,4324,0,4324
C_LBDR_property_1406,4,0,4320,0,4,4320,4324,0,4324
C_LBDR_property_1407,4,0,4320,0,4,4320,4324,0,4324
C_LBDR_property_1408,4,0,4320,0,4,4320,4324,0,4324
C_LBDR_property_1409,4,0,4320,0,4,4320,4324,0,4324
C_LBDR_property_1410,4,0,4320,0,4,4320,4324,0,4324
C_LBDR_property_1411,4324,0,0,0,4324,0,4324,0,4324
C_LBDR_property_1412,4324,0,0,0,4324,0,4324,0,4324
C_LBDR_property_1413,2404,0,1920,0,2404,1920,4324,0,4324
C_LBDR_property_1414,2404,0,1920,0,2404,1920,4324,0,4324
C_LBDR_property_1415,4324,0,0,0,4324,0,4324,0,4324
C_LBDR_property_1416,4324,0,0,0,4324,0,4324,0,4324
C_LBDR_property_1417,4324,0,0,0,4324,0,4324,0,4324
C_LBDR_property_1418,4324,0,0,0,4324,0,4324,0,4324
C_LBDR_property_1419,2404,0,1920,0,2404,1920,4324,0,4324
C_LBDR_property_1420,2404,0,1920,0,2404,1920,4324,0,4324
C_LBDR_property_1421,2404,0,1920,0,2404,1920,4324,0,4324
C_LBDR_property_1422,2404,0,1920,0,2404,1920,4324,0,4324
C_LBDR_property_1423,2404,0,1920,0,2404,1920,4324,0,4324
C_LBDR_property_1424,2404,0,1920,0,2404,1920,4324,0,4324
C_LBDR_property_1425,1084,0,3240,0,1084,3240,4324,0,4324
C_LBDR_property_1426,1084,0,3240,0,1084,3240,4324,0,4324
C_LBDR_property_1427,1084,0,3240,0,1084,3240,4324,0,4324
C_LBDR_property_1428,1084,0,3240,0,1084,3240,4324,0,4324
C_LBDR_property_1429,1084,0,3240,0,1084,3240,4324,0,4324
C_LBDR_property_1430,1084,0,3240,0,1084,3240,4324,0,4324
C_LBDR_property_1431,1084,0,3240,0,1084,3240,4324,0,4324
C_LBDR_property_1432,1084,0,3240,0,1084,3240,4324,0,4324
C_LBDR_property_1433,1084,0,3240,0,1084,3240,4324,0,4324
C_LBDR_property_1434,1084,0,3240,0,1084,3240,4324,0,4324
C_LBDR_property_1435,1084,0,3240,0,1084,3240,4324,0,4324
C_LBDR_property_1436,1084,0,3240,0,1084,3240,4324,0,4324
C_LBDR_property_1437,1084,0,3240,0,1084,3240,4324,0,4324
C_LBDR_property_1438,1084,0,3240,0,1084,3240,4324,0,4324
C_LBDR_property_1439,2644,0,1680,0,2644,1680,4324,0,4324
C_LBDR_property_1440,2644,0,1680,0,2644,1680,4324,0,4324
C_LBDR_property_1441,2644,0,1680,0,2644,1680,4324,0,4324
C_LBDR_property_1442,2644,0,1680,0,2644,1680,4324,0,4324
C_LBDR_property_1443,2644,0,1680,0,2644,1680,4324,0,4324
C_LBDR_property_1444,2644,0,1680,0,2644,1680,4324,0,4324
C_LBDR_property_1445,2644,0,1680,0,2644,1680,4324,0,4324
C_LBDR_property_1446,2644,0,1680,0,2644,1680,4324,0,4324
C_LBDR_property_1447,3124,0,1200,0,3124,1200,4324,0,4324
C_LBDR_property_1448,3124,0,1200,0,3124,1200,4324,0,4324
C_LBDR_property_1449,3124,0,1200,0,3124,1200,4324,0,4324
C_LBDR_property_1450,3124,0,1200,0,3124,1200,4324,0,4324
C_LBDR_property_1451,3124,0,1200,0,3124,1200,4324,0,4324
C_LBDR_property_1452,3124,0,1200,0,3124,1200,4324,0,4324
C_LBDR_property_1453,1084,0,3240,0,1084,3240,4324,0,4324
C_LBDR_property_1454,1084,0,3240,0,1084,3240,4324,0,4324
C_LBDR_property_1455,3124,0,1200,0,3124,1200,4324,0,4324
C_LBDR_property_1456,3124,0,1200,0,3124,1200,4324,0,4324
C_LBDR_property_1457,3124,0,1200,0,3124,1200,4324,0,4324
C_LBDR_property_1458,3124,0,1200,0,3124,1200,4324,0,4324
C_LBDR_property_1459,1084,0,3240,0,1084,3240,4324,0,4324
C_LBDR_property_1460,1084,0,3240,0,1084,3240,4324,0,4324
C_LBDR_property_1461,4324,0,0,0,4324,0,4324,0,4324
C_LBDR_property_1462,4324,0,0,0,4324,0,4324,0,4324
C_LBDR_property_1463,4324,0,0,0,4324,0,4324,0,4324
C_LBDR_property_1464,4324,0,0,0,4324,0,4324,0,4324
C_LBDR_property_1465,4324,0,0,0,4324,0,4324,0,4324
C_LBDR_property_1466,4324,0,0,0,4324,0,4324,0,4324
C_LBDR_property_1467,4324,0,0,0,4324,0,4324,0,4324
C_LBDR_property_1468,4324,0,0,0,4324,0,4324,0,4324
C_LBDR_property_1469,4324,0,0,0,4324,0,4324,0,4324
C_LBDR_property_1470,4324,0,0,0,4324,0,4324,0,4324
C_LBDR_property_1471,4324,0,0,0,4324,0,4324,0,4324
C_LBDR_property_1472,4324,0,0,0,4324,0,4324,0,4324
C_LBDR_property_1473,2250,0,2074,0,2250,2074,4324,0,4324
C_LBDR_property_1474,2250,0,2074,0,2250,2074,4324,0,4324
C_LBDR_property_1475,2250,0,2074,0,2250,2074,4324,0,4324
C_LBDR_property_1476,2250,0,2074,0,2250,2074,4324,0,4324
C_LBDR_property_1477,2250,0,2074,0,2250,2074,4324,0,4324
C_LBDR_property_1478,2250,0,2074,0,2250,2074,4324,0,4324
C_LBDR_property_1479,2250,0,2074,0,2250,2074,4324,0,4324
C_LBDR_property_1480,2250,0,2074,0,2250,2074,4324,0,4324
C_LBDR_property_1481,2250,0,2074,0,2250,2074,4324,0,4324
C_LBDR_property_1482,2250,0,2074,0,2250,2074,4324,0,4324
C_LBDR_property_1483,2176,0,2148,0,2176,2148,4324,0,4324
C_LBDR_property_1484,2176,0,2148,0,2176,2148,4324,0,4324
C_LBDR_property_1485,2176,0,2148,0,2176,2148,4324,0,4324
C_LBDR_property_1486,2176,0,2148,0,2176,2148,4324,0,4324
C_LBDR_property_1487,2164,0,2160,0,2164,2160,4324,0,4324
C_LBDR_property_1488,2164,0,2160,0,2164,2160,4324,0,4324
C_LBDR_property_1489,2176,0,2148,0,2176,2148,4324,0,4324
C_LBDR_property_1490,2176,0,2148,0,2176,2148,4324,0,4324
C_LBDR_property_1491,2176,0,2148,0,2176,2148,4324,0,4324
C_LBDR_property_1492,2176,0,2148,0,2176,2148,4324,0,4324
C_LBDR_property_1493,2176,0,2148,0,2176,2148,4324,0,4324
C_LBDR_property_1494,2176,0,2148,0,2176,2148,4324,0,4324
C_LBDR_property_1495,2033,0,2291,0,2033,2291,4324,0,4324
C_LBDR_property_1496,2033,0,2291,0,2033,2291,4324,0,4324
C_LBDR_property_1497,2164,0,2160,0,2164,2160,4324,0,4324
C_LBDR_property_1498,2164,0,2160,0,2164,2160,4324,0,4324
C_LBDR_property_1499,2164,0,2160,0,2164,2160,4324,0,4324
C_LBDR_property_1500,2164,0,2160,0,2164,2160,4324,0,4324
C_LBDR_property_1501,2164,0,2160,0,2164,2160,4324,0,4324
C_LBDR_property_1502,2164,0,2160,0,2164,2160,4324,0,4324
C_LBDR_property_1503,2164,0,2160,0,2164,2160,4324,0,4324
C_LBDR_property_1504,2164,0,2160,0,2164,2160,4324,0,4324
C_LBDR_property_1505,2164,0,2160,0,2164,2160,4324,0,4324
C_LBDR_property_1506,2164,0,2160,0,2164,2160,4324,0,4324
C_LBDR_property_1507,2033,0,2291,0,2033,2291,4324,0,4324
C_LBDR_property_1508,2033,0,2291,0,2033,2291,4324,0,4324
C_LBDR_property_1509,2033,0,2291,0,2033,2291,4324,0,4324
C_LBDR_property_1510,2033,0,2291,0,2033,2291,4324,0,4324
C_LBDR_property_1511,2252,0,2072,0,2252,2072,4324,0,4324
C_LBDR_property_1512,2252,0,2072,0,2252,2072,4324,0,4324
C_LBDR_property_1513,2033,0,2291,0,2033,2291,4324,0,4324
C_LBDR_property_1514,2033,0,2291,0,2033,2291,4324,0,4324
C_LBDR_property_1515,2033,0,2291,0,2033,2291,4324,0,4324
C_LBDR_property_1516,2033,0,2291,0,2033,2291,4324,0,4324
C_LBDR_property_1517,2033,0,2291,0,2033,2291,4324,0,4324
C_LBDR_property_1518,2033,0,2291,0,2033,2291,4324,0,4324
C_LBDR_property_1519,2252,0,2072,0,2252,2072,4324,0,4324
C_LBDR_property_1520,2252,0,2072,0,2252,2072,4324,0,4324
C_LBDR_property_1521,2252,0,2072,0,2252,2072,4324,0,4324
C_LBDR_property_1522,2252,0,2072,0,2252,2072,4324,0,4324
C_LBDR_property_1523,3604,0,720,0,3604,720,4324,0,4324
C_LBDR_property_1524,3604,0,720,0,3604,720,4324,0,4324
C_LBDR_property_1525,2252,0,2072,0,2252,2072,4324,0,4324
C_LBDR_property_1526,2252,0,2072,0,2252,2072,4324,0,4324
C_LBDR_property_1527,2252,0,2072,0,2252,2072,4324,0,4324
C_LBDR_property_1528,2252,0,2072,0,2252,2072,4324,0,4324
C_LBDR_property_1529,2252,0,2072,0,2252,2072,4324,0,4324
C_LBDR_property_1530,2252,0,2072,0,2252,2072,4324,0,4324
C_LBDR_property_1531,1084,0,3240,0,1084,3240,4324,0,4324
C_LBDR_property_1532,1084,0,3240,0,1084,3240,4324,0,4324
C_LBDR_property_1533,3604,0,720,0,3604,720,4324,0,4324
C_LBDR_property_1534,3604,0,720,0,3604,720,4324,0,4324
C_LBDR_property_1535,3604,0,720,0,3604,720,4324,0,4324
C_LBDR_property_1536,3604,0,720,0,3604,720,4324,0,4324
C_LBDR_property_1537,3604,0,720,0,3604,720,4324,0,4324
C_LBDR_property_1538,3604,0,720,0,3604,720,4324,0,4324
C_LBDR_property_1539,3604,0,720,0,3604,720,4324,0,4324
C_LBDR_property_1540,3604,0,720,0,3604,720,4324,0,4324
C_LBDR_property_1541,3604,0,720,0,3604,720,4324,0,4324
C_LBDR_property_1542,3604,0,720,0,3604,720,4324,0,4324
C_LBDR_property_1543,3602,0,722,0,3602,722,4324,0,4324
C_LBDR_property_1544,3602,0,722,0,3602,722,4324,0,4324
C_LBDR_property_1545,1084,0,3240,0,1084,3240,4324,0,4324
C_LBDR_property_1546,1084,0,3240,0,1084,3240,4324,0,4324
C_LBDR_property_1547,1084,0,3240,0,1084,3240,4324,0,4324
C_LBDR_property_1548,1084,0,3240,0,1084,3240,4324,0,4324
C_LBDR_property_1549,1084,0,3240,0,1084,3240,4324,0,4324
C_LBDR_property_1550,1084,0,3240,0,1084,3240,4324,0,4324
C_LBDR_property_1551,1084,0,3240,0,1084,3240,4324,0,4324
C_LBDR_property_1552,1084,0,3240,0,1084,3240,4324,0,4324
C_LBDR_property_1553,1084,0,3240,0,1084,3240,4324,0,4324
C_LBDR_property_1554,1084,0,3240,0,1084,3240,4324,0,4324
C_LBDR_property_1555,3602,0,722,0,3602,722,4324,0,4324
C_LBDR_property_1556,3602,0,722,0,3602,722,4324,0,4324
C_LBDR_property_1557,3602,0,722,0,3602,722,4324,0,4324
C_LBDR_property_1558,3602,0,722,0,3602,722,4324,0,4324
C_LBDR_property_1559,2164,0,2160,0,2164,2160,4324,0,4324
C_LBDR_property_1560,2164,0,2160,0,2164,2160,4324,0,4324
C_LBDR_property_1561,3602,0,722,0,3602,722,4324,0,4324
C_LBDR_property_1562,3602,0,722,0,3602,722,4324,0,4324
C_LBDR_property_1563,3602,0,722,0,3602,722,4324,0,4324
C_LBDR_property_1564,3602,0,722,0,3602,722,4324,0,4324
C_LBDR_property_1565,2164,0,2160,0,2164,2160,4324,0,4324
C_LBDR_property_1566,2164,0,2160,0,2164,2160,4324,0,4324
C_LBDR_property_1567,2164,0,2160,0,2164,2160,4324,0,4324
C_LBDR_property_1568,2164,0,2160,0,2164,2160,4324,0,4324
C_LBDR_property_1569,2164,0,2160,0,2164,2160,4324,0,4324
C_LBDR_property_1570,2164,0,2160,0,2164,2160,4324,0,4324
C_LBDR_property_1571,2164,0,2160,0,2164,2160,4324,0,4324
C_LBDR_property_1572,2164,0,2160,0,2164,2160,4324,0,4324
C_LBDR_property_1573,2164,0,2160,0,2164,2160,4324,0,4324
C_LBDR_property_1574,2164,0,2160,0,2164,2160,4324,0,4324