
Support,
0.000,0.000,0.000,0.000,0.000,0.000,0.000,0.000,0.000,0.000,0.500,0.500,0.500,0.500,0.500,0.500,0.500,0.500,0.500,0.500,
Correlation Coefficient,
0.000,0.000,0.000,0.000,0.000,0.000,0.000,0.000,0.000,0.000,0.103,0.146,0.146,0.809,0.103,0.000,0.000,0.000,0.172,0.000,
R,
0.000,0.000,0.000,0.000,0.000,0.000,0.000,0.000,0.000,0.000,0.341,0.358,0.358,0.624,0.341,0.300,0.300,0.300,0.369,0.300,
Confidence,
1.000,1.000,1.000,1.000,1.000,1.000,1.000,1.000,1.000,1.000,1.000,1.000,1.000,1.000,1.000,1.000,1.000,1.000,1.000,1.000,
interest,
0.000,0.000,0.000,0.018,0.000,0.006,0.013,0.013,0.396,0.006,0.006,0.013,0.013,0.396,0.006,0.000,0.000,0.000,0.018,0.000,
IS,
0.000,0.000,0.000,0.000,0.000,0.000,0.000,0.000,0.000,0.000,1267.410,1281.112,1281.112,2746.607,1267.410,inf,inf,inf,inf,inf,